"PD40296b" "PD40296c_lo0018" "PD40296c_lo0034"
"chr1_114310529_T_TA" 44 46 41
"chr1_183533662_A_AT" 39 44 35
"chr1_226593636_TC_T" 35 28 30
"chr1_229852124_C_CT" 34 38 28
"chr1_25141706_CT_C" 36 37 40
"chr1_65590311_GT_G" 22 18 42
"chr1_7886472_CCAAT_C" 41 31 37
"chr1_98845544_C_CT" 44 47 25
"chr10_105311201_AG_A" 37 52 50
"chr10_133156940_T_TAC" 17 34 55
"chr10_19115363_AC_A" 29 38 39
"chr10_35744622_G_GT" 37 36 28
"chr10_44698788_TC_T" 33 45 45
"chr10_74481109_TG_T" 38 67 27
"chr10_90052033_C_CA" 49 67 49
"chr11_32257600_G_GA" 41 59 29
"chr11_69390570_AGAG_A" 41 40 22
"chr11_75824062_T_TA" 34 34 45
"chr12_71655522_TA_T" 35 37 55
"chr13_59170575_T_TA" 38 64 51
"chr13_82942881_GA_G" 42 44 45
"chr14_26728614_CTG_C" 57 59 44
"chr14_34134868_G_GA" 33 45 27
"chr14_42246200_GT_G" 51 37 30
"chr14_69939376_GA_G" 56 36 65
"chr14_71111842_C_CT" 36 61 63
"chr15_31068434_TA_T" 47 48 21
"chr15_33345347_CTAT_C" 46 67 31
"chr15_55251664_ATATATTATTT_A" 62 44 52
"chr15_62128775_CA_C" 36 43 36
"chr16_29620594_CAAG_C" 72 30 33
"chr16_31669146_A_AT" 37 63 17
"chr16_61717275_AC_A" 47 102 45
"chr16_69147619_A_AT" 52 59 24
"chr17_18663999_T_TA" 47 52 44
"chr17_29551866_T_TA" 32 62 34
"chr17_697051_CTATCTTT_C" 52 38 36
"chr18_12641284_G_GA" 27 36 34
"chr18_21193574_GT_G" 39 55 52
"chr18_2565760_TAATCCTATCACTAAAAAAGAA_T" 37 47 38
"chr18_44330700_GA_G" 41 43 47
"chr18_57425422_TG_T" 41 49 51
"chr19_3394652_TCCCGA_T" 47 28 40
"chr2_137535298_G_GA" 39 31 40
"chr2_145787758_GC_G" 43 48 63
"chr2_164769162_G_GA" 33 31 34
"chr2_171659078_C_CT" 46 55 40
"chr2_223084563_G_GA" 57 39 73
"chr2_228216042_CTG_C" 32 36 35
"chr20_18241284_C_CA" 42 53 61
"chr20_20851504_A_AT" 45 59 32
"chr20_31585024_C_CA" 36 50 27
"chr20_43955511_A_AT" 35 37 40
"chr20_57342859_C_CTCAAGTGT" 32 49 65
"chr21_19543915_T_TC" 38 41 43
"chr3_133193431_A_AT" 32 47 42
"chr3_196830896_A_AT" 43 46 64
"chr3_24753439_CA_C" 51 51 53
"chr3_4520481_TC_T" 40 46 45
"chr3_72404994_A_AT" 21 35 47
"chr4_103314130_ATG_A" 44 48 37
"chr4_117592056_GT_G" 46 55 40
"chr4_135510179_TA_T" 41 49 41
"chr4_136391365_G_GT" 33 55 44
"chr4_169186351_T_TA" 37 32 13
"chr4_174800735_TATG_T" 21 50 61
"chr4_46685127_TA_T" 39 56 48
"chr4_62630858_A_AT" 36 51 31
"chr4_67992652_G_GA" 36 47 48
"chr4_78074906_CT_C" 41 44 57
"chr4_88314347_TAGA_T" 59 53 68
"chr4_94279871_C_CT" 34 31 41
"chr5_105108849_GA_G" 47 51 37
"chr5_116349074_C_CT" 43 57 34
"chr5_147454962_C_CA" 37 37 52
"chr5_151361860_G_GT" 38 44 55
"chr5_15239057_AT_A" 44 52 61
"chr5_157305117_G_GTA" 33 35 48
"chr5_34963025_A_AT" 29 38 42
"chr5_36920550_CAG_C" 65 53 30
"chr5_41688433_GT_G" 41 44 27
"chr5_65636902_GA_G" 50 45 50
"chr6_160496606_C_CT" 53 37 49
"chr6_20269549_G_GA" 42 44 29
"chr6_52955363_G_GA" 50 45 41
"chr6_6044538_TG_T" 40 41 29
"chr7_106263880_CTG_C" 28 49 37
"chr7_114509925_GA_G" 45 50 20
"chr7_122686128_TGTGGACTGC_T" 41 46 51
"chr7_137871468_CCTT_C" 43 28 65
"chr7_158781239_ATGAG_A" 31 27 23
"chr7_20137075_TTC_T" 26 25 27
"chr7_45988663_C_CAA" 34 38 32
"chr8_46160988_T_TA" 55 56 53
"chr8_91800392_GT_G" 47 47 39
"chr9_117112006_T_TA" 54 66 32
"chr9_24176914_C_CT" 45 38 50
"chr9_37064899_TA_T" 45 37 43
"chr9_73147028_A_AT" 46 53 30
"chrX_38139413_A_AAG" 45 56 30
"chrX_4183343_G_GA" 40 66 35
"chrX_66234957_G_GT" 31 57 27
"chrX_66339640_G_GA" 42 56 36
"chrX_86909936_CT_C" 58 49 41
"chrX_92449596_C_CA" 29 42 38
"chrX_97099365_C_CA" 36 28 40
"chrX_97333568_C_CT" 21 28 23
