"PD40296b" "PD40296c_lo0018" "PD40296c_lo0034"
"chr1_114310529_T_TA" 0 0 24
"chr1_183533662_A_AT" 0 4 0
"chr1_226593636_TC_T" 0 0 5
"chr1_229852124_C_CT" 0 4 0
"chr1_25141706_CT_C" 0 0 7
"chr1_65590311_GT_G" 0 0 4
"chr1_7886472_CCAAT_C" 0 0 11
"chr1_98845544_C_CT" 0 16 1
"chr10_105311201_AG_A" 0 29 0
"chr10_133156940_T_TAC" 0 19 0
"chr10_19115363_AC_A" 0 0 12
"chr10_35744622_G_GT" 0 0 7
"chr10_44698788_TC_T" 0 0 14
"chr10_74481109_TG_T" 20 16 0
"chr10_90052033_C_CA" 0 5 0
"chr11_32257600_G_GA" 0 7 0
"chr11_69390570_AGAG_A" 0 6 0
"chr11_75824062_T_TA" 0 9 2
"chr12_71655522_TA_T" 0 0 27
"chr13_59170575_T_TA" 0 15 0
"chr13_82942881_GA_G" 0 16 0
"chr14_26728614_CTG_C" 0 20 0
"chr14_34134868_G_GA" 0 18 0
"chr14_42246200_GT_G" 0 15 0
"chr14_69939376_GA_G" 0 0 23
"chr14_71111842_C_CT" 0 13 0
"chr15_31068434_TA_T" 0 12 0
"chr15_33345347_CTAT_C" 0 7 0
"chr15_55251664_ATATATTATTT_A" 0 10 0
"chr15_62128775_CA_C" 11 13 0
"chr16_29620594_CAAG_C" 7 0 0
"chr16_31669146_A_AT" 0 18 0
"chr16_61717275_AC_A" 0 13 0
"chr16_69147619_A_AT" 0 6 0
"chr17_18663999_T_TA" 0 5 0
"chr17_29551866_T_TA" 0 25 0
"chr17_697051_CTATCTTT_C" 0 0 18
"chr18_12641284_G_GA" 0 0 17
"chr18_21193574_GT_G" 0 0 23
"chr18_2565760_TAATCCTATCACTAAAAAAGAA_T" 0 0 11
"chr18_44330700_GA_G" 0 0 22
"chr18_57425422_TG_T" 0 13 0
"chr19_3394652_TCCCGA_T" 0 0 18
"chr2_137535298_G_GA" 8 0 0
"chr2_145787758_GC_G" 0 6 0
"chr2_164769162_G_GA" 0 0 15
"chr2_171659078_C_CT" 0 14 2
"chr2_223084563_G_GA" 0 5 0
"chr2_228216042_CTG_C" 0 0 19
"chr20_18241284_C_CA" 0 0 34
"chr20_20851504_A_AT" 0 13 1
"chr20_31585024_C_CA" 0 0 19
"chr20_43955511_A_AT" 0 4 0
"chr20_57342859_C_CTCAAGTGT" 0 0 28
"chr21_19543915_T_TC" 0 0 18
"chr3_133193431_A_AT" 0 14 0
"chr3_196830896_A_AT" 0 19 0
"chr3_24753439_CA_C" 0 31 0
"chr3_4520481_TC_T" 0 0 16
"chr3_72404994_A_AT" 1 1 16
"chr4_103314130_ATG_A" 0 7 0
"chr4_117592056_GT_G" 0 0 25
"chr4_135510179_TA_T" 0 16 0
"chr4_136391365_G_GT" 0 2 14
"chr4_169186351_T_TA" 0 6 4
"chr4_174800735_TATG_T" 0 7 0
"chr4_46685127_TA_T" 0 20 1
"chr4_62630858_A_AT" 1 2 22
"chr4_67992652_G_GA" 0 0 19
"chr4_78074906_CT_C" 0 0 20
"chr4_88314347_TAGA_T" 0 0 26
"chr4_94279871_C_CT" 0 0 6
"chr5_105108849_GA_G" 0 19 0
"chr5_116349074_C_CT" 0 18 0
"chr5_147454962_C_CA" 0 19 0
"chr5_151361860_G_GT" 0 11 1
"chr5_15239057_AT_A" 0 0 32
"chr5_157305117_G_GTA" 0 8 0
"chr5_34963025_A_AT" 1 19 1
"chr5_36920550_CAG_C" 0 17 0
"chr5_41688433_GT_G" 0 4 0
"chr5_65636902_GA_G" 0 22 0
"chr6_160496606_C_CT" 7 0 0
"chr6_20269549_G_GA" 0 12 0
"chr6_52955363_G_GA" 0 6 0
"chr6_6044538_TG_T" 0 19 0
"chr7_106263880_CTG_C" 0 4 0
"chr7_114509925_GA_G" 0 16 1
"chr7_122686128_TGTGGACTGC_T" 0 0 17
"chr7_137871468_CCTT_C" 0 8 0
"chr7_158781239_ATGAG_A" 10 0 4
"chr7_20137075_TTC_T" 0 10 0
"chr7_45988663_C_CAA" 0 0 15
"chr8_46160988_T_TA" 0 4 0
"chr8_91800392_GT_G" 0 13 1
"chr9_117112006_T_TA" 0 8 0
"chr9_24176914_C_CT" 1 4 21
"chr9_37064899_TA_T" 0 0 21
"chr9_73147028_A_AT" 0 29 0
"chrX_38139413_A_AAG" 0 26 0
"chrX_4183343_G_GA" 0 7 0
"chrX_66234957_G_GT" 0 9 0
"chrX_66339640_G_GA" 0 15 0
"chrX_86909936_CT_C" 0 0 25
"chrX_92449596_C_CA" 0 16 0
"chrX_97099365_C_CA" 5 0 0
"chrX_97333568_C_CT" 0 6 0
