"PD40296b" "PD40296c_lo0018" "PD40296c_lo0034"
"chr1_100639738_T_C" 3 13 0
"chr1_104109688_T_C" 0 0 5
"chr1_106071647_G_A" 0 0 8
"chr1_107388525_A_T" 0 4 0
"chr1_110634933_G_T" 0 0 4
"chr1_112088685_G_A" 0 0 11
"chr1_112706684_G_T" 0 0 5
"chr1_115709511_C_T" 0 0 8
"chr1_118040321_A_T" 0 0 6
"chr1_118194806_G_C" 0 0 6
"chr1_118806503_T_C" 0 0 4
"chr1_118919802_G_A" 0 7 0
"chr1_12413993_A_G" 0 0 5
"chr1_143856540_G_T" 0 0 4
"chr1_152978539_C_T" 0 6 0
"chr1_153655740_A_T" 0 7 0
"chr1_15392518_G_T" 0 0 5
"chr1_154666629_A_G" 0 5 0
"chr1_158737044_C_A" 0 0 11
"chr1_163197405_C_A" 0 10 0
"chr1_165569109_C_T" 0 6 0
"chr1_16584115_T_A" 5 0 0
"chr1_16648118_G_C" 4 0 0
"chr1_167895068_G_T" 0 6 0
"chr1_168007200_A_G" 0 9 0
"chr1_170223301_C_A" 0 0 6
"chr1_172431719_T_A" 0 0 4
"chr1_176792680_G_A" 0 0 7
"chr1_176824419_T_A" 0 7 0
"chr1_176940217_C_T" 0 6 0
"chr1_178053992_G_T" 0 0 4
"chr1_178154684_G_A" 0 4 0
"chr1_17818084_C_T" 0 0 6
"chr1_179597036_C_A" 0 0 4
"chr1_181864533_A_C" 0 8 0
"chr1_18196536_C_A" 0 0 7
"chr1_185579006_G_A" 0 0 7
"chr1_187560283_C_T" 0 0 4
"chr1_189951211_T_C" 0 0 7
"chr1_190990_T_C" 4 0 0
"chr1_191819473_T_C" 0 0 5
"chr1_191908540_G_A" 0 8 0
"chr1_193262290_T_C" 0 0 4
"chr1_194983702_C_T" 0 0 9
"chr1_196060032_T_C" 0 0 10
"chr1_197424674_G_A" 0 5 0
"chr1_206522965_G_A" 0 8 0
"chr1_207206861_C_T" 0 12 0
"chr1_209888559_G_A" 0 5 0
"chr1_214289266_C_T" 0 5 0
"chr1_219690726_C_A" 0 9 0
"chr1_219700362_G_A" 0 0 7
"chr1_219709449_G_T" 0 6 0
"chr1_220937097_G_A" 0 0 8
"chr1_221196838_C_T" 0 0 4
"chr1_221409734_G_A" 0 5 0
"chr1_221458614_C_T" 0 8 0
"chr1_221712879_G_T" 0 0 4
"chr1_221797347_G_C" 0 0 4
"chr1_22691558_C_T" 0 0 7
"chr1_227001736_G_A" 0 5 0
"chr1_228300885_C_T" 0 12 0
"chr1_228621067_A_T" 2 8 7
"chr1_229859238_G_T" 0 0 6
"chr1_232339038_C_G" 0 0 4
"chr1_235365744_C_T" 0 0 6
"chr1_236069151_A_T" 0 0 4
"chr1_23619136_A_G" 0 0 6
"chr1_237164779_C_A" 0 0 4
"chr1_238861712_C_T" 0 8 0
"chr1_241330497_C_A" 0 12 0
"chr1_241969602_A_G" 0 4 0
"chr1_2441812_G_A" 0 0 4
"chr1_245303444_C_A" 0 0 4
"chr1_248131066_G_T" 0 0 11
"chr1_25868281_G_A" 0 4 0
"chr1_33502230_G_C" 0 0 4
"chr1_34225341_G_A" 0 0 7
"chr1_34624174_G_A" 0 7 0
"chr1_35902511_G_C" 0 0 4
"chr1_36646091_G_T" 0 0 5
"chr1_36896019_T_C" 0 0 9
"chr1_38088100_G_A" 0 0 7
"chr1_41512543_G_A" 0 0 7
"chr1_43634492_C_T" 0 0 4
"chr1_45518188_C_T" 0 0 5
"chr1_47850404_G_T" 0 5 0
"chr1_49938670_G_A" 0 9 0
"chr1_50662499_G_T" 0 0 4
"chr1_50781708_C_A" 0 0 8
"chr1_51040677_C_T" 0 0 4
"chr1_5352632_C_T" 0 1 11
"chr1_55653826_C_T" 0 11 0
"chr1_56006208_G_T" 0 0 6
"chr1_60056159_G_A" 0 0 8
"chr1_64590581_G_T" 0 0 4
"chr1_70494074_G_T" 0 4 0
"chr1_71596948_T_A" 0 0 7
"chr1_73787526_C_T" 0 0 4
"chr1_74518402_C_A" 0 0 6
"chr1_74888874_C_T" 0 7 0
"chr1_76670462_A_G" 0 0 9
"chr1_78774165_C_T" 0 8 0
"chr1_78809139_T_C" 0 0 9
"chr1_79909125_C_T" 0 0 4
"chr1_80241453_C_T" 0 0 6
"chr1_81889986_C_T" 0 7 0
"chr1_84616302_C_A" 0 0 8
"chr1_85246079_G_A" 0 4 0
"chr1_85269182_C_A" 0 0 5
"chr1_86153553_A_G" 0 5 0
"chr1_87302523_A_C" 3 0 4
"chr1_87780452_A_G" 0 0 7
"chr1_87799310_A_T" 0 0 5
"chr1_92096417_A_T" 0 0 4
"chr1_94808267_G_T" 0 0 4
"chr1_95223942_T_C" 0 0 6
"chr1_95726863_G_A" 0 5 0
"chr1_9830374_G_T" 0 0 4
"chr10_101952257_G_C" 0 0 5
"chr10_102718628_C_T" 0 0 4
"chr10_105354625_C_T" 0 5 0
"chr10_106912516_A_C" 0 8 0
"chr10_107876728_A_G" 0 6 0
"chr10_112924659_G_T" 0 0 4
"chr10_115546435_G_A" 0 0 8
"chr10_116644949_G_A" 0 8 0
"chr10_117802904_C_T" 0 0 9
"chr10_118304061_G_A" 0 6 0
"chr10_121692102_T_A" 0 1 6
"chr10_122844974_T_A" 0 0 9
"chr10_124726960_T_G" 0 4 0
"chr10_125107883_T_C" 0 0 5
"chr10_126672417_G_T" 0 4 0
"chr10_12774943_G_T" 0 0 6
"chr10_128787793_T_C" 0 0 8
"chr10_12900527_A_C" 0 0 4
"chr10_129269701_G_C" 0 4 0
"chr10_131032531_G_A" 0 5 0
"chr10_131661334_A_G" 0 0 4
"chr10_131677474_C_T" 0 5 0
"chr10_131855363_G_A" 0 6 0
"chr10_132231875_C_T" 0 5 0
"chr10_13787360_G_A" 0 0 8
"chr10_14110396_G_A" 0 0 5
"chr10_14954711_T_A" 0 0 4
"chr10_14984321_T_C" 0 0 4
"chr10_15657811_G_A" 0 8 0
"chr10_15786921_A_C" 0 0 4
"chr10_19356467_C_T" 0 7 0
"chr10_19568820_A_G" 0 0 10
"chr10_20864096_C_G" 0 6 0
"chr10_21007154_G_A" 0 0 7
"chr10_21396554_C_A" 0 0 4
"chr10_21457929_G_A" 0 6 0
"chr10_22110935_T_C" 0 0 6
"chr10_25501744_G_T" 0 5 0
"chr10_27121917_G_T" 0 0 4
"chr10_30851892_C_T" 0 6 0
"chr10_34878410_G_C" 0 1 6
"chr10_35592119_C_T" 0 0 4
"chr10_36988620_T_C" 0 0 4
"chr10_38752896_A_T" 0 0 5
"chr10_42447830_C_T" 0 0 6
"chr10_44076467_T_C" 0 0 11
"chr10_4507763_A_G" 0 5 0
"chr10_4877011_C_G" 0 0 6
"chr10_49374628_C_T" 0 0 11
"chr10_52623426_T_C" 0 7 0
"chr10_53268702_G_A" 0 9 0
"chr10_53268703_C_A" 0 9 0
"chr10_53748560_G_T" 0 0 9
"chr10_54435895_G_A" 0 7 0
"chr10_54751008_G_A" 0 13 0
"chr10_59000228_G_A" 0 0 4
"chr10_59060969_G_A" 0 10 0
"chr10_65054280_G_A" 0 0 8
"chr10_66939761_A_G" 0 6 0
"chr10_67304718_G_C" 0 0 9
"chr10_67891042_A_C" 0 4 0
"chr10_69823966_G_A" 0 0 7
"chr10_72265606_C_A" 0 0 4
"chr10_73078266_G_C" 0 1 5
"chr10_74295477_T_A" 0 0 4
"chr10_74698787_G_C" 0 0 4
"chr10_7883246_C_G" 0 7 0
"chr10_80987693_G_A" 0 0 7
"chr10_85081897_A_G" 0 0 4
"chr10_85335739_G_A" 0 0 6
"chr10_85939481_C_A" 0 7 0
"chr10_88210264_A_G" 0 0 7
"chr10_90064833_C_T" 0 5 0
"chr10_90252376_T_A" 0 0 6
"chr10_90375900_G_T" 0 0 8
"chr10_92341349_G_T" 0 0 4
"chr10_96590760_C_A" 0 0 5
"chr10_97451707_C_T" 5 0 0
"chr10_98131239_T_A" 0 0 7
"chr10_98576403_A_G" 0 0 9
"chr11_101281859_G_A" 0 0 10
"chr11_103427533_A_T" 0 6 0
"chr11_10408252_C_T" 0 0 4
"chr11_106813749_G_A" 0 0 8
"chr11_10697404_C_T" 0 8 0
"chr11_107793210_G_T" 0 6 0
"chr11_11078019_G_A" 0 7 0
"chr11_112197576_C_A" 0 0 4
"chr11_11228824_C_T" 0 0 4
"chr11_115815388_T_C" 0 9 0
"chr11_115939569_T_G" 0 0 6
"chr11_116368361_A_G" 0 0 9
"chr11_11651453_C_A" 0 0 8
"chr11_116682944_G_A" 0 0 6
"chr11_117178059_A_G" 0 6 0
"chr11_117570149_G_A" 0 0 5
"chr11_119462752_T_G" 0 0 6
"chr11_123634394_G_A" 0 6 0
"chr11_126942280_A_G" 0 5 0
"chr11_128958102_C_A" 0 0 14
"chr11_12903853_A_G" 0 0 6
"chr11_130995594_A_C" 0 0 4
"chr11_131432609_G_T" 0 0 4
"chr11_131658617_C_T" 0 8 0
"chr11_131908615_G_T" 0 9 0
"chr11_1428883_C_T" 0 5 0
"chr11_14695100_C_T" 0 0 9
"chr11_14999343_A_T" 0 0 5
"chr11_15172578_G_T" 0 0 4
"chr11_18105596_G_C" 0 0 4
"chr11_18237112_G_A" 0 0 4
"chr11_18413194_G_T" 0 0 5
"chr11_20268107_G_A" 0 9 0
"chr11_20607937_G_T" 0 0 10
"chr11_28601519_G_T" 0 0 11
"chr11_30694625_C_T" 0 0 5
"chr11_32893439_G_A" 0 4 0
"chr11_36286895_G_C" 0 0 4
"chr11_37609102_G_A" 0 0 10
"chr11_38852846_A_G" 0 0 9
"chr11_39493566_C_T" 0 6 0
"chr11_40407644_C_A" 0 0 6
"chr11_40921022_C_T" 0 4 0
"chr11_41051805_G_A" 0 10 0
"chr11_41888129_T_C" 0 0 6
"chr11_44583842_C_G" 0 0 7
"chr11_46228777_T_A" 0 7 0
"chr11_46773916_T_C" 0 0 6
"chr11_48500317_A_C" 0 5 0
"chr11_54723596_G_T" 0 6 0
"chr11_56080447_T_A" 0 0 9
"chr11_56148461_G_A" 0 0 6
"chr11_56576845_G_A" 0 0 5
"chr11_56626860_C_A" 0 6 0
"chr11_56915645_T_C" 0 7 0
"chr11_57397710_G_C" 0 0 7
"chr11_6266856_A_G" 0 0 7
"chr11_62793585_G_T" 0 4 0
"chr11_65807220_G_A" 0 0 4
"chr11_66664660_A_G" 0 4 0
"chr11_67455846_C_T" 0 0 4
"chr11_67767942_G_T" 0 0 7
"chr11_70032563_C_T" 0 0 4
"chr11_71083335_C_T" 0 0 6
"chr11_73558260_C_A" 0 0 4
"chr11_74091285_A_G" 0 0 6
"chr11_76222126_G_T" 0 0 4
"chr11_77540356_C_T" 0 0 8
"chr11_84141165_C_T" 0 0 5
"chr11_84451550_G_A" 0 0 6
"chr11_86925217_C_A" 0 0 4
"chr11_87070637_A_C" 4 0 0
"chr11_87430992_T_C" 0 0 4
"chr11_87946407_T_A" 0 0 5
"chr11_90327452_T_C" 0 0 6
"chr11_91093439_A_G" 0 0 11
"chr11_92829241_G_A" 0 0 9
"chr11_96676743_C_T" 0 0 5
"chr11_96728184_C_A" 0 5 0
"chr11_97187186_T_A" 0 0 5
"chr11_97277523_A_G" 0 0 4
"chr11_97982792_C_A" 0 0 6
"chr11_98408547_G_A" 0 0 13
"chr11_99114959_C_T" 0 4 0
"chr12_100623155_G_A" 0 0 4
"chr12_101186359_G_A" 0 9 0
"chr12_10250031_C_T" 0 0 10
"chr12_106185196_C_G" 0 0 4
"chr12_109323389_A_C" 0 15 0
"chr12_112387611_T_A" 0 0 4
"chr12_113072513_G_A" 0 8 0
"chr12_114265313_G_T" 0 0 12
"chr12_11526722_T_G" 4 0 0
"chr12_115586475_C_G" 0 6 0
"chr12_115930349_C_T" 0 7 0
"chr12_117219979_G_A" 0 7 0
"chr12_120105258_C_T" 0 16 0
"chr12_124407397_T_C" 0 0 7
"chr12_125298484_G_A" 0 5 0
"chr12_125501980_G_T" 4 0 0
"chr12_126540372_G_T" 0 6 0
"chr12_127906873_T_C" 0 0 6
"chr12_128267514_G_C" 0 12 0
"chr12_128489162_C_T" 0 4 0
"chr12_129715450_A_T" 0 6 0
"chr12_130768336_G_T" 0 0 4
"chr12_130834714_C_G" 0 0 4
"chr12_131204917_C_A" 0 8 0
"chr12_132209267_C_A" 0 4 0
"chr12_132212100_G_T" 0 0 4
"chr12_14891962_G_A" 0 9 0
"chr12_15373574_C_T" 0 11 0
"chr12_18459128_T_C" 0 7 0
"chr12_20381239_G_T" 0 7 0
"chr12_29888035_C_T" 0 9 0
"chr12_38802609_A_T" 0 0 5
"chr12_39070852_T_C" 0 5 0
"chr12_41010146_G_T" 0 6 0
"chr12_41198179_A_C" 0 10 0
"chr12_42047683_G_A" 0 0 8
"chr12_46284758_C_T" 0 0 7
"chr12_47549457_C_T" 0 0 4
"chr12_48893592_C_A" 0 0 4
"chr12_5631960_C_T" 0 0 10
"chr12_60273894_C_A" 0 0 4
"chr12_60598071_A_G" 0 9 0
"chr12_65576282_C_A" 0 0 4
"chr12_67104176_T_G" 0 0 4
"chr12_72764980_A_T" 4 0 0
"chr12_73191237_G_T" 0 8 0
"chr12_74640319_A_C" 0 13 0
"chr12_74985303_G_A" 0 0 4
"chr12_78433898_G_A" 0 8 0
"chr12_84033302_C_T" 0 0 5
"chr12_85940301_A_T" 0 7 0
"chr12_87508026_C_A" 0 0 5
"chr12_87794350_G_A" 0 0 4
"chr12_87866562_A_G" 0 4 0
"chr12_88430817_C_T" 0 0 4
"chr12_88629933_A_G" 0 5 0
"chr12_93562644_A_T" 4 0 0
"chr12_96818444_G_C" 0 0 8
"chr12_972563_G_T" 0 0 4
"chr12_97594168_C_T" 0 0 4
"chr13_102164723_C_T" 0 6 0
"chr13_107151141_G_A" 0 0 6
"chr13_109476529_C_A" 0 0 4
"chr13_109594621_A_G" 0 0 7
"chr13_112992717_C_T" 0 11 0
"chr13_18426050_G_A" 4 0 0
"chr13_19338798_A_G" 0 4 0
"chr13_19895077_A_C" 5 0 0
"chr13_19924027_T_A" 0 0 4
"chr13_23659290_C_T" 0 6 0
"chr13_27305789_G_T" 0 0 4
"chr13_28746406_C_G" 0 0 8
"chr13_32834552_T_G" 0 6 0
"chr13_38150642_G_A" 0 8 0
"chr13_43375588_T_C" 0 0 6
"chr13_44385227_T_G" 0 5 0
"chr13_44633623_C_A" 0 0 4
"chr13_47464700_C_T" 0 5 0
"chr13_49052873_C_T" 0 0 14
"chr13_49696923_A_G" 0 11 0
"chr13_50998428_G_T" 0 13 0
"chr13_52807651_G_A" 0 5 0
"chr13_53264345_G_A" 0 10 0
"chr13_53630457_C_G" 0 0 7
"chr13_53869651_A_G" 0 0 8
"chr13_54003850_T_C" 0 0 11
"chr13_54220179_G_A" 0 0 6
"chr13_54534825_A_T" 0 8 0
"chr13_55407166_T_G" 5 13 0
"chr13_56002083_C_A" 0 0 8
"chr13_56396427_C_T" 0 4 0
"chr13_56996675_G_A" 0 0 9
"chr13_57138809_C_T" 0 0 7
"chr13_57599872_T_C" 0 0 5
"chr13_59513054_C_T" 0 0 6
"chr13_61036524_T_A" 0 0 6
"chr13_62627484_G_A" 1 0 4
"chr13_63232889_A_G" 0 12 0
"chr13_65186392_C_A" 0 0 4
"chr13_67129100_C_G" 0 0 4
"chr13_67366960_A_G" 0 17 0
"chr13_67675005_T_C" 0 4 0
"chr13_69451421_T_A" 0 1 5
"chr13_72827007_C_T" 0 0 4
"chr13_75078897_C_A" 0 0 7
"chr13_75109800_C_T" 0 8 0
"chr13_75524728_A_G" 0 0 4
"chr13_76504208_C_A" 0 0 4
"chr13_78383629_C_T" 0 0 6
"chr13_81561513_C_A" 0 0 7
"chr13_83369064_G_A" 0 0 4
"chr13_83462613_G_C" 0 0 4
"chr13_85080178_A_G" 0 0 4
"chr13_90471816_G_A" 0 4 0
"chr13_93731555_T_C" 0 9 0
"chr13_96975305_T_C" 0 0 8
"chr13_98386830_C_G" 0 0 5
"chr13_98418693_G_A" 0 0 6
"chr13_98858403_A_T" 0 6 0
"chr13_99887125_C_T" 0 0 8
"chr14_101256841_A_G" 0 0 4
"chr14_101338540_C_T" 0 8 0
"chr14_101488375_A_G" 0 7 0
"chr14_102316562_G_A" 0 11 0
"chr14_102334229_G_A" 0 10 0
"chr14_102582616_G_T" 0 0 4
"chr14_103111417_C_T" 0 7 0
"chr14_104206314_G_A" 0 0 7
"chr14_104396305_G_A" 0 0 4
"chr14_19324235_T_C" 0 5 4
"chr14_20785662_G_A" 0 0 5
"chr14_22101113_T_C" 0 0 4
"chr14_25327661_T_C" 0 0 6
"chr14_26229215_C_T" 0 0 4
"chr14_27647721_G_A" 0 0 4
"chr14_27699208_T_G" 0 0 7
"chr14_28415931_C_T" 0 0 7
"chr14_29321899_C_A" 0 4 0
"chr14_29545230_C_T" 0 8 0
"chr14_29930963_A_T" 0 4 0
"chr14_31598347_G_A" 0 0 4
"chr14_33598017_C_A" 0 0 8
"chr14_35203692_G_A" 0 0 4
"chr14_36310288_C_T" 0 10 0
"chr14_36965884_T_G" 0 0 6
"chr14_40027101_A_T" 0 0 11
"chr14_40075549_A_T" 0 7 0
"chr14_40665386_A_G" 0 0 7
"chr14_41952934_C_A" 0 8 0
"chr14_42266987_C_T" 0 0 8
"chr14_42690833_A_T" 0 0 7
"chr14_42869542_C_A" 0 5 0
"chr14_42900130_G_A" 0 0 6
"chr14_44229134_T_G" 0 0 9
"chr14_44233032_G_A" 0 6 0
"chr14_44345985_C_T" 0 0 6
"chr14_44404997_G_T" 0 0 11
"chr14_46057632_A_G" 0 5 0
"chr14_46138616_C_T" 0 0 7
"chr14_47137212_G_A" 0 0 13
"chr14_47762605_A_G" 0 0 6
"chr14_48621173_G_A" 0 7 0
"chr14_49786303_C_A" 0 0 4
"chr14_58135519_A_T" 0 0 4
"chr14_59993074_A_T" 0 11 0
"chr14_60658564_G_T" 0 5 0
"chr14_66258331_T_A" 0 0 7
"chr14_66694420_A_G" 0 0 5
"chr14_75245416_C_T" 0 0 6
"chr14_76447882_G_A" 0 4 0
"chr14_78718104_A_G" 0 0 6
"chr14_82195306_G_A" 0 0 11
"chr14_82973494_G_A" 0 9 0
"chr14_83162149_G_A" 0 0 4
"chr14_83259257_C_T" 0 0 9
"chr14_83512989_C_A" 0 0 8
"chr14_83754850_A_G" 0 0 4
"chr14_86067636_G_A" 0 0 8
"chr14_86599953_A_C" 0 0 6
"chr14_87469305_G_C" 0 0 4
"chr14_88116367_C_T" 0 0 6
"chr14_88676905_T_C" 0 0 4
"chr14_94399401_C_G" 0 0 5
"chr14_94700013_C_T" 0 5 0
"chr14_96431887_G_T" 0 0 4
"chr14_96987094_C_T" 0 6 0
"chr14_97726931_G_C" 0 0 4
"chr14_98406491_G_A" 0 4 0
"chr14_98788445_C_T" 0 0 6
"chr14_98929309_T_C" 0 7 0
"chr14_99087856_T_A" 0 0 4
"chr14_99349758_T_C" 0 0 9
"chr14_99408115_G_A" 0 11 0
"chr15_100554027_G_T" 0 0 4
"chr15_100621410_A_C" 0 0 4
"chr15_101276960_C_T" 0 0 4
"chr15_22721817_C_A" 0 6 0
"chr15_23393718_G_T" 0 5 0
"chr15_23436636_G_A" 0 0 4
"chr15_25461056_G_A" 0 0 7
"chr15_26726888_C_T" 0 0 5
"chr15_27654106_T_C" 0 13 0
"chr15_30189542_G_C" 0 2 4
"chr15_33710445_G_A" 0 0 6
"chr15_33804028_G_T" 0 0 5
"chr15_34269405_A_G" 0 0 4
"chr15_36708687_A_T" 0 0 7
"chr15_38808726_C_T" 0 0 5
"chr15_40595403_G_C" 0 0 9
"chr15_44034994_T_G" 0 0 8
"chr15_45481068_A_T" 0 7 0
"chr15_46760398_T_C" 0 0 6
"chr15_46783037_C_T" 0 7 0
"chr15_46836937_A_T" 0 0 5
"chr15_47495164_G_A" 0 5 0
"chr15_49915688_A_T" 9 0 7
"chr15_54711189_C_T" 0 0 4
"chr15_55464485_G_A" 1 8 0
"chr15_56458429_T_A" 0 0 7
"chr15_57469922_G_T" 0 0 5
"chr15_60373107_T_C" 0 5 0
"chr15_64610234_G_A" 0 8 0
"chr15_77856143_C_T" 0 0 8
"chr15_78366593_G_T" 0 0 7
"chr15_78855374_T_A" 0 6 0
"chr15_79367249_A_G" 0 0 7
"chr15_80295534_G_C" 0 0 5
"chr15_81104429_C_T" 6 0 0
"chr15_83580204_C_T" 0 0 4
"chr15_85944163_C_T" 0 0 4
"chr15_86749073_G_A" 0 0 9
"chr15_87073136_T_A" 0 0 9
"chr15_87428649_C_T" 0 14 0
"chr15_87798296_T_A" 0 0 5
"chr15_88963817_T_C" 0 0 6
"chr15_91023079_C_A" 0 0 4
"chr15_91644061_C_A" 0 0 5
"chr15_93154633_G_A" 0 0 11
"chr15_94594672_C_A" 0 10 0
"chr16_12849811_G_A" 0 10 0
"chr16_18904476_A_G" 0 0 4
"chr16_20277728_G_A" 0 0 6
"chr16_22589905_C_T" 4 0 0
"chr16_24308618_G_T" 0 0 4
"chr16_26727968_T_A" 0 0 4
"chr16_27005054_A_G" 0 0 4
"chr16_27332563_C_T" 0 0 4
"chr16_4011720_C_T" 0 5 3
"chr16_59044236_G_A" 0 2 6
"chr16_5961328_G_A" 0 0 7
"chr16_61139752_C_A" 0 0 7
"chr16_61206935_C_T" 0 0 7
"chr16_61823027_A_G" 0 9 0
"chr16_61952430_T_C" 0 5 1
"chr16_62092595_A_G" 0 4 0
"chr16_63767540_C_T" 0 6 0
"chr16_64009020_G_A" 0 4 0
"chr16_65786427_G_A" 0 0 7
"chr16_66685977_G_A" 0 0 4
"chr16_7115487_G_A" 0 0 4
"chr16_72139828_A_G" 0 0 6
"chr16_73124970_A_T" 0 5 0
"chr16_74379868_G_A" 14 1 3
"chr16_761098_G_A" 0 10 0
"chr16_8147533_G_A" 0 0 5
"chr16_82834704_G_A" 0 4 0
"chr16_83067798_G_A" 1 0 9
"chr16_83973714_G_T" 0 0 5
"chr16_84167191_T_C" 0 9 0
"chr16_86281779_C_T" 0 0 8
"chr16_86338314_C_T" 0 0 6
"chr16_86722362_G_A" 0 0 4
"chr16_86888755_A_G" 0 0 9
"chr16_88982089_C_T" 0 0 5
"chr16_89605420_G_A" 0 8 0
"chr17_10008061_C_A" 0 0 6
"chr17_1245796_C_A" 0 0 4
"chr17_13224337_A_G" 0 0 5
"chr17_17635266_C_A" 0 0 4
"chr17_2219488_C_T" 0 0 6
"chr17_22531430_T_A" 0 0 11
"chr17_22595074_A_T" 0 6 0
"chr17_2531140_G_A" 0 0 10
"chr17_27073413_C_T" 0 0 5
"chr17_29638065_G_T" 0 0 6
"chr17_30359227_A_G" 0 0 4
"chr17_3234460_A_G" 0 0 5
"chr17_33096663_C_T" 0 5 0
"chr17_33391711_G_A" 0 0 6
"chr17_34021067_C_T" 0 8 0
"chr17_36128323_G_T" 0 4 0
"chr17_3713545_G_A" 0 0 6
"chr17_43704265_A_G" 0 0 6
"chr17_46036408_G_T" 0 0 4
"chr17_47932918_G_T" 0 0 4
"chr17_52005484_C_T" 0 12 0
"chr17_55771353_T_C" 0 4 0
"chr17_66581031_G_A" 0 7 0
"chr17_6773275_G_A" 0 0 9
"chr17_69838324_C_T" 0 10 0
"chr17_70267738_G_C" 0 0 7
"chr17_70584366_G_A" 0 0 4
"chr17_71659080_G_A" 0 0 8
"chr17_71690829_G_T" 0 9 0
"chr17_71939519_A_T" 0 0 5
"chr17_72170756_T_A" 0 5 0
"chr17_75577997_C_T" 0 0 4
"chr17_75748110_C_T" 0 4 0
"chr17_78314115_C_G" 0 0 4
"chr17_79480482_G_T" 0 0 4
"chr17_79754881_G_A" 0 5 0
"chr17_80018927_G_T" 0 8 0
"chr17_80483344_C_T" 0 9 0
"chr17_82021622_C_T" 0 0 8
"chr17_8647905_T_G" 0 0 5
"chr17_9031326_G_A" 0 12 1
"chr18_10469298_C_T" 0 0 7
"chr18_11096518_C_T" 0 0 9
"chr18_11221720_C_T" 0 0 5
"chr18_14143533_A_G" 6 0 9
"chr18_14309312_A_C" 0 7 0
"chr18_24615644_G_A" 0 5 0
"chr18_24689966_T_C" 0 0 5
"chr18_25067516_G_C" 0 0 7
"chr18_27606229_G_A" 0 0 7
"chr18_29445843_T_A" 0 4 0
"chr18_3230391_G_T" 0 0 4
"chr18_33289774_C_A" 0 5 0
"chr18_33857295_G_A" 0 0 9
"chr18_34298941_G_A" 0 9 0
"chr18_34496409_G_T" 0 0 4
"chr18_38538765_T_A" 0 6 0
"chr18_386077_G_A" 0 0 7
"chr18_46004597_T_C" 0 6 0
"chr18_4621431_A_T" 0 0 4
"chr18_47294219_G_A" 0 7 0
"chr18_4827326_C_T" 0 0 7
"chr18_4858944_C_T" 0 0 5
"chr18_49473424_C_T" 0 4 0
"chr18_49911938_T_C" 0 0 5
"chr18_52986876_G_A" 0 6 0
"chr18_54393490_G_A" 0 0 10
"chr18_55115028_G_A" 0 5 0
"chr18_56366679_G_T" 0 7 0
"chr18_58126085_C_T" 0 0 4
"chr18_64485390_C_T" 0 0 8
"chr18_68798097_C_T" 0 12 1
"chr18_69034739_T_G" 0 0 6
"chr18_69395916_G_C" 0 8 0
"chr18_70927791_A_T" 0 0 6
"chr18_71164085_T_A" 0 0 6
"chr18_71203308_C_A" 0 7 0
"chr18_71598250_A_G" 0 0 4
"chr18_73294605_C_T" 0 0 6
"chr18_73440764_G_A" 0 0 8
"chr18_74002913_A_G" 0 0 5
"chr18_7512966_A_C" 0 0 4
"chr18_75533761_G_A" 0 0 12
"chr18_76067601_A_T" 0 4 0
"chr18_77359519_T_C" 0 0 10
"chr18_77624767_G_A" 0 0 4
"chr18_77851344_C_T" 0 0 6
"chr18_79339570_G_C" 0 0 9
"chr18_8895730_A_G" 0 0 4
"chr19_10924323_G_A" 0 0 5
"chr19_11150653_G_A" 0 0 4
"chr19_12754550_A_T" 0 0 5
"chr19_13290213_G_A" 0 8 0
"chr19_14334166_C_A" 0 0 4
"chr19_17088287_C_T" 0 10 0
"chr19_18104506_C_A" 0 0 5
"chr19_18870157_C_T" 0 0 6
"chr19_20692087_G_A" 0 0 6
"chr19_22547999_C_G" 0 0 5
"chr19_22707385_G_A" 0 0 8
"chr19_23089123_C_T" 0 0 5
"chr19_27879896_C_A" 0 4 0
"chr19_28228619_G_A" 0 7 0
"chr19_29160553_A_G" 0 4 0
"chr19_31076402_C_A" 0 12 0
"chr19_32111789_C_T" 0 0 8
"chr19_33612606_T_C" 0 0 6
"chr19_34614959_G_A" 0 0 5
"chr19_3531148_A_G" 0 0 8
"chr19_37197405_C_T" 0 0 5
"chr19_38365744_G_A" 0 0 4
"chr19_39119241_G_A" 0 0 6
"chr19_39579022_G_A" 0 0 5
"chr19_40666098_C_A" 0 0 4
"chr19_41204515_C_T" 0 0 4
"chr19_41385858_T_C" 0 0 6
"chr19_43073861_T_C" 0 4 0
"chr19_4506022_G_C" 0 5 0
"chr19_45333313_C_G" 0 0 4
"chr19_48976270_C_G" 0 0 4
"chr19_51498262_C_T" 0 10 0
"chr19_51814871_G_A" 0 1 10
"chr19_52499830_C_A" 0 0 6
"chr19_54794719_T_C" 0 0 5
"chr19_5776798_C_G" 0 0 4
"chr19_7127723_A_G" 0 6 0
"chr19_8892912_G_A" 0 12 0
"chr19_9967335_C_T" 0 0 4
"chr2_103152543_G_A" 0 11 0
"chr2_104058956_A_G" 0 0 10
"chr2_106783960_A_G" 0 0 8
"chr2_107366163_G_T" 0 0 8
"chr2_111372020_G_T" 4 0 0
"chr2_114065832_C_T" 0 8 0
"chr2_116502195_G_T" 0 0 11
"chr2_118649839_G_T" 0 9 0
"chr2_124865108_C_G" 0 7 0
"chr2_125743863_C_T" 0 0 4
"chr2_125782898_G_A" 0 5 0
"chr2_126852747_A_G" 0 10 0
"chr2_126887141_G_T" 0 0 6
"chr2_128479367_A_T" 0 0 5
"chr2_128917586_T_C" 0 5 0
"chr2_129473549_C_T" 0 0 10
"chr2_131433975_A_G" 0 4 0
"chr2_132746241_A_G" 0 0 13
"chr2_133474865_C_T" 0 0 9
"chr2_13584805_A_G" 0 0 4
"chr2_136681853_A_T" 0 4 0
"chr2_136870418_C_A" 0 0 4
"chr2_137367456_C_T" 0 8 0
"chr2_138481525_T_C" 0 0 8
"chr2_140383064_G_A" 0 1 5
"chr2_142613657_G_A" 0 0 11
"chr2_143235399_G_A" 0 0 8
"chr2_144242405_C_T" 0 0 8
"chr2_144861548_G_T" 0 0 8
"chr2_146025732_C_A" 0 10 0
"chr2_146257442_G_A" 0 0 4
"chr2_148086004_T_C" 0 0 9
"chr2_151784018_A_T" 0 0 4
"chr2_154188925_A_G" 0 8 0
"chr2_158851362_G_T" 0 0 9
"chr2_160820542_A_G" 0 14 0
"chr2_16320637_G_T" 0 0 11
"chr2_164789545_G_T" 0 0 4
"chr2_165189427_C_T" 0 10 0
"chr2_170162689_G_T" 0 0 5
"chr2_171455859_T_C" 0 4 0
"chr2_18059817_G_T" 0 0 4
"chr2_184218532_T_C" 0 9 0
"chr2_184796514_A_T" 7 7 0
"chr2_185244482_A_G" 0 9 0
"chr2_187951859_C_T" 0 0 4
"chr2_18935021_C_A" 0 0 4
"chr2_189494025_A_G" 0 7 0
"chr2_191599245_G_A" 0 5 0
"chr2_192841950_A_T" 0 4 0
"chr2_192928841_T_C" 0 0 5
"chr2_193635171_T_C" 0 0 6
"chr2_194234106_G_A" 0 0 7
"chr2_196635355_C_T" 0 0 6
"chr2_198363983_G_A" 0 0 5
"chr2_198686711_C_T" 0 0 4
"chr2_198891944_C_T" 0 0 7
"chr2_199371121_C_T" 0 0 6
"chr2_199869221_A_G" 0 0 4
"chr2_202035_G_A" 0 5 0
"chr2_203222535_A_G" 0 13 0
"chr2_209299874_T_C" 0 13 0
"chr2_210259904_C_T" 0 0 4
"chr2_210709169_A_T" 0 0 7
"chr2_214295612_G_A" 0 8 0
"chr2_214933079_G_A" 0 0 13
"chr2_219587700_C_T" 0 6 0
"chr2_220512887_G_A" 0 5 0
"chr2_220777091_C_A" 0 0 9
"chr2_221607655_G_T" 0 0 5
"chr2_223335706_A_G" 0 0 13
"chr2_224385585_A_T" 0 0 4
"chr2_227062655_G_A" 0 0 4
"chr2_227508472_G_T" 0 4 0
"chr2_228501535_G_T" 0 0 4
"chr2_228562055_C_T" 0 0 5
"chr2_228853281_G_A" 0 6 0
"chr2_228984378_T_C" 0 0 9
"chr2_229414493_G_A" 0 5 0
"chr2_230600593_C_T" 0 5 0
"chr2_231045781_G_A" 0 5 0
"chr2_23162172_G_C" 2 10 0
"chr2_237096097_G_A" 0 0 6
"chr2_238926930_G_A" 0 0 4
"chr2_239488481_G_A" 0 0 9
"chr2_239644149_G_T" 0 5 0
"chr2_239799650_G_A" 0 0 4
"chr2_239989534_C_T" 0 0 10
"chr2_241263509_T_C" 0 0 4
"chr2_241391991_T_C" 0 0 7
"chr2_241832228_A_G" 0 7 0
"chr2_2457182_G_A" 0 0 5
"chr2_25371345_C_T" 0 0 4
"chr2_2895171_A_G" 0 7 0
"chr2_32702850_C_T" 0 1 5
"chr2_35314593_G_A" 0 0 4
"chr2_36692301_T_C" 0 0 6
"chr2_37195790_C_A" 0 0 4
"chr2_39988910_A_G" 0 5 0
"chr2_40786507_T_C" 0 13 0
"chr2_4082495_C_T" 0 0 11
"chr2_41109576_C_G" 0 0 4
"chr2_4182503_C_A" 0 0 5
"chr2_4329555_C_G" 0 5 0
"chr2_45393604_T_C" 0 0 7
"chr2_47179403_G_T" 0 0 4
"chr2_4767391_G_A" 0 0 9
"chr2_49397154_C_T" 0 0 10
"chr2_51317465_G_A" 0 5 0
"chr2_52515101_G_A" 0 0 4
"chr2_5290411_A_C" 0 0 4
"chr2_53076672_A_C" 0 4 0
"chr2_53291584_C_A" 0 10 0
"chr2_53614028_G_A" 0 0 4
"chr2_53763852_C_A" 0 0 9
"chr2_5431409_A_C" 0 0 11
"chr2_54642483_A_T" 0 0 5
"chr2_56572319_C_T" 0 0 6
"chr2_57677777_C_T" 0 0 9
"chr2_59918656_A_G" 0 5 0
"chr2_6137781_T_C" 0 6 0
"chr2_62179793_C_A" 0 0 6
"chr2_63842423_C_T" 0 10 0
"chr2_64105456_T_C" 0 0 4
"chr2_65408612_C_T" 0 6 0
"chr2_66137364_C_T" 0 0 4
"chr2_66337316_C_A" 0 0 6
"chr2_67844390_C_T" 0 0 9
"chr2_68352136_C_T" 0 6 0
"chr2_71286019_C_A" 0 0 5
"chr2_76943253_G_A" 0 0 9
"chr2_77062257_G_A" 0 6 0
"chr2_77586166_A_G" 0 9 0
"chr2_77602742_C_T" 0 4 0
"chr2_78028708_A_C" 0 5 0
"chr2_80921188_T_A" 0 0 4
"chr2_8377457_T_C" 0 0 5
"chr2_84844745_C_G" 0 0 4
"chr2_84957254_C_A" 0 4 0
"chr2_8887541_C_A" 0 0 5
"chr2_89043378_C_T" 11 0 3
"chr2_9472805_C_T" 0 10 0
"chr2_95987776_C_T" 0 0 6
"chr20_11341841_T_A" 0 0 5
"chr20_11627431_T_C" 0 5 0
"chr20_12641890_C_T" 0 0 6
"chr20_14829138_T_C" 4 0 0
"chr20_17084927_C_T" 0 0 5
"chr20_18209017_A_T" 0 0 13
"chr20_2094220_T_C" 0 5 0
"chr20_21291251_G_T" 0 0 4
"chr20_23181968_G_A" 0 0 10
"chr20_24471294_G_A" 0 0 4
"chr20_31507469_C_T" 0 0 5
"chr20_32641451_G_T" 0 0 4
"chr20_34345668_C_T" 0 12 0
"chr20_35503933_A_C" 0 0 5
"chr20_36440336_A_C" 0 0 8
"chr20_36572392_T_A" 0 0 4
"chr20_38278064_C_T" 0 0 4
"chr20_39197313_G_A" 0 8 0
"chr20_39308689_G_A" 0 4 0
"chr20_41692066_A_G" 0 0 6
"chr20_43616797_G_T" 0 0 5
"chr20_43639420_C_T" 0 0 4
"chr20_44166877_A_T" 0 5 0
"chr20_4726245_T_A" 0 4 0
"chr20_48524103_C_A" 0 6 0
"chr20_52393786_G_T" 0 0 4
"chr20_53285303_T_C" 0 0 5
"chr20_54739727_G_A" 0 0 7
"chr20_55456503_G_T" 0 13 0
"chr20_55844735_C_T" 0 5 0
"chr20_56102603_G_C" 0 6 0
"chr20_56976975_G_A" 0 0 4
"chr20_5863941_A_G" 0 5 0
"chr20_61336382_T_C" 0 0 9
"chr20_61820396_C_T" 0 0 5
"chr20_62055400_G_C" 0 0 5
"chr20_62583061_C_A" 0 0 4
"chr20_8897301_A_T" 0 0 4
"chr21_10025541_C_T" 0 6 0
"chr21_14254340_G_A" 0 0 10
"chr21_15236266_C_T" 0 0 6
"chr21_16060976_C_T" 0 6 0
"chr21_16305707_G_C" 0 0 6
"chr21_17893689_G_A" 0 14 0
"chr21_18203926_T_A" 0 10 0
"chr21_20356510_C_T" 0 6 0
"chr21_21071998_C_T" 0 7 0
"chr21_24692845_G_A" 0 0 6
"chr21_30550153_G_T" 0 11 0
"chr21_30904608_G_A" 0 0 7
"chr21_36217394_A_G" 0 0 8
"chr21_38948375_A_G" 1 5 0
"chr21_39693169_C_A" 0 4 0
"chr21_46591835_G_T" 0 8 0
"chr21_46666885_C_T" 0 0 9
"chr21_9770053_C_T" 0 0 7
"chr21_9840632_G_A" 0 0 6
"chr22_16121289_G_A" 0 0 4
"chr22_16212587_C_A" 0 0 4
"chr22_18972707_G_A" 0 0 9
"chr22_19915796_G_C" 0 0 4
"chr22_21602030_C_T" 0 0 4
"chr22_26431796_G_A" 0 0 4
"chr22_29953484_T_G" 0 0 4
"chr22_31561715_A_G" 0 14 0
"chr22_32855846_G_A" 0 0 5
"chr22_33084633_C_A" 0 0 8
"chr22_33954350_A_T" 0 0 11
"chr22_34751848_C_T" 0 0 4
"chr22_35253432_G_T" 0 0 8
"chr22_36580025_C_T" 0 0 9
"chr22_38428829_G_A" 0 8 0
"chr22_38999860_G_A" 0 12 0
"chr22_42318210_G_C" 0 14 0
"chr22_42672486_C_A" 0 0 4
"chr22_45891052_C_G" 0 0 4
"chr22_48120503_C_T" 0 5 0
"chr22_49708965_G_A" 0 12 0
"chr22_49726945_C_T" 0 7 0
"chr3_102489351_G_A" 0 0 6
"chr3_1049567_T_A" 0 6 0
"chr3_10510808_G_A" 0 0 7
"chr3_106243478_A_C" 0 6 0
"chr3_106697736_T_C" 0 0 4
"chr3_106858491_G_A" 0 9 0
"chr3_10904824_C_T" 0 12 0
"chr3_109681703_T_A" 0 0 4
"chr3_111647404_C_A" 0 0 4
"chr3_113343173_C_T" 0 10 1
"chr3_1152611_G_A" 0 7 1
"chr3_115737262_C_A" 0 0 5
"chr3_118303358_A_T" 0 0 5
"chr3_119541005_G_A" 0 4 0
"chr3_120174063_A_G" 0 12 0
"chr3_122618243_A_C" 0 7 0
"chr3_125872254_C_A" 0 0 4
"chr3_128788970_A_T" 0 4 0
"chr3_129993650_C_T" 0 0 8
"chr3_134508640_T_A" 0 0 6
"chr3_137339906_C_A" 0 8 0
"chr3_137751035_A_G" 0 4 0
"chr3_137941013_C_A" 0 0 4
"chr3_13843581_G_A" 0 6 0
"chr3_13898447_T_A" 0 0 7
"chr3_140146830_C_T" 0 6 0
"chr3_141680802_G_T" 0 0 5
"chr3_14195596_T_A" 0 0 5
"chr3_144569172_C_A" 0 0 4
"chr3_145101956_G_A" 0 0 4
"chr3_145448035_C_A" 0 5 0
"chr3_146439916_T_A" 0 0 6
"chr3_147160730_G_A" 0 0 5
"chr3_148015187_G_T" 0 0 6
"chr3_152996389_C_T" 0 8 0
"chr3_156932320_G_A" 0 6 0
"chr3_159241893_C_T" 0 0 8
"chr3_159413335_T_C" 0 0 9
"chr3_159954324_G_A" 0 0 8
"chr3_160036703_C_A" 0 0 7
"chr3_162323396_C_T" 0 0 5
"chr3_162554270_C_A" 0 5 0
"chr3_162924689_G_A" 0 5 0
"chr3_163280153_A_G" 0 0 4
"chr3_165534324_C_T" 0 0 6
"chr3_165692224_T_C" 0 0 8
"chr3_165811222_G_A" 0 7 0
"chr3_166639791_G_A" 0 0 8
"chr3_168800384_G_T" 0 0 4
"chr3_169057012_C_A" 0 0 4
"chr3_173738591_A_T" 0 0 9
"chr3_175729519_C_T" 0 0 5
"chr3_176223091_G_A" 0 0 6
"chr3_176477482_G_A" 0 10 0
"chr3_178702609_C_T" 0 0 5
"chr3_180856720_C_T" 0 0 4
"chr3_181771975_C_A" 0 0 6
"chr3_182487147_G_A" 0 0 5
"chr3_188098411_G_T" 0 0 9
"chr3_191478228_C_T" 0 0 4
"chr3_193252031_G_A" 0 0 7
"chr3_195503350_C_G" 4 0 0
"chr3_195550256_T_C" 0 11 0
"chr3_195721557_T_C" 4 0 0
"chr3_21386520_G_A" 0 0 5
"chr3_21733453_T_A" 0 5 0
"chr3_22036339_G_C" 0 5 0
"chr3_26513977_C_T" 0 0 6
"chr3_30078566_G_C" 0 6 0
"chr3_31650109_A_G" 0 0 11
"chr3_32703515_A_G" 0 0 5
"chr3_34288584_C_T" 0 0 7
"chr3_3489947_A_G" 0 6 0
"chr3_36802478_G_A" 0 10 0
"chr3_38754703_G_T" 0 4 0
"chr3_40438679_T_C" 0 10 0
"chr3_4905833_G_A" 0 13 0
"chr3_52313811_T_C" 0 0 5
"chr3_5239840_C_A" 0 0 4
"chr3_54479443_G_A" 0 0 15
"chr3_54660767_C_A" 0 0 4
"chr3_57105922_G_A" 0 0 11
"chr3_60161467_T_C" 0 4 0
"chr3_63265168_C_A" 0 0 4
"chr3_6529421_G_T" 0 0 5
"chr3_66106205_C_T" 0 0 4
"chr3_67823977_G_C" 0 8 0
"chr3_68143640_G_A" 0 0 5
"chr3_68510190_G_A" 0 5 0
"chr3_68556588_C_A" 0 0 6
"chr3_7077526_A_G" 0 5 0
"chr3_73195378_C_A" 0 0 4
"chr3_74880443_A_G" 0 7 0
"chr3_76657380_G_A" 0 0 6
"chr3_77354923_G_T" 0 0 6
"chr3_79932038_G_A" 0 4 0
"chr3_79994665_G_A" 0 0 9
"chr3_80023116_T_C" 0 10 0
"chr3_83370309_C_G" 0 0 4
"chr3_84655927_A_G" 0 0 11
"chr3_84741484_C_T" 0 7 0
"chr3_85250361_C_T" 0 0 7
"chr3_86161048_G_A" 0 0 10
"chr3_87613731_G_A" 0 5 0
"chr3_93728916_C_A" 0 0 8
"chr3_94406281_G_A" 0 0 6
"chr3_94485649_T_G" 0 11 0
"chr3_95151313_C_T" 0 0 7
"chr3_96332806_G_A" 0 9 0
"chr4_10135287_G_T" 0 0 4
"chr4_102216643_A_C" 0 0 4
"chr4_102431118_G_C" 0 5 0
"chr4_106393744_G_A" 0 14 0
"chr4_108412572_G_A" 0 5 0
"chr4_108881149_T_C" 0 0 6
"chr4_111011357_G_A" 0 8 0
"chr4_111263440_C_T" 0 0 5
"chr4_111780283_G_A" 0 0 6
"chr4_112528028_A_T" 0 8 0
"chr4_112762444_A_T" 0 0 4
"chr4_118431977_C_A" 0 4 0
"chr4_12108539_T_A" 0 0 6
"chr4_121582417_A_G" 0 4 0
"chr4_121903974_C_T" 0 0 7
"chr4_122017186_A_G" 0 8 0
"chr4_122138389_C_T" 0 9 0
"chr4_12273657_C_T" 0 0 4
"chr4_123398225_C_T" 0 0 5
"chr4_124253913_G_T" 0 0 9
"chr4_125258890_T_A" 0 0 4
"chr4_127194526_T_A" 0 5 0
"chr4_127227977_G_A" 0 0 4
"chr4_12791761_G_T" 0 0 5
"chr4_129704029_C_T" 0 10 0
"chr4_133052538_C_T" 0 6 0
"chr4_133128850_T_C" 0 0 12
"chr4_135810268_T_G" 0 0 6
"chr4_141044798_C_A" 0 4 0
"chr4_141175860_G_T" 0 4 0
"chr4_141742964_G_A" 0 0 5
"chr4_141760892_G_C" 0 9 0
"chr4_142077177_C_T" 0 0 9
"chr4_142460730_G_T" 0 0 4
"chr4_150366155_C_A" 0 0 4
"chr4_155403155_G_T" 0 8 0
"chr4_158003908_A_T" 0 4 0
"chr4_159781581_C_T" 0 0 8
"chr4_160878126_C_T" 0 13 0
"chr4_162387063_C_T" 0 9 0
"chr4_162563938_G_T" 0 0 5
"chr4_164350903_C_T" 0 8 0
"chr4_167726449_C_T" 0 8 0
"chr4_169450638_A_G" 0 0 7
"chr4_170733182_T_C" 0 7 0
"chr4_170805277_C_G" 0 11 0
"chr4_172081598_A_G" 0 8 0
"chr4_173409188_G_A" 0 0 4
"chr4_174189127_C_A" 0 0 8
"chr4_174653667_A_C" 0 0 6
"chr4_176865786_T_C" 0 0 9
"chr4_178698656_C_T" 0 11 0
"chr4_17955813_A_T" 0 0 4
"chr4_180208649_T_C" 0 0 4
"chr4_18128046_C_T" 0 0 4
"chr4_182076661_T_G" 0 0 4
"chr4_182923277_C_G" 0 0 4
"chr4_183027867_A_G" 0 0 8
"chr4_185025623_G_T" 0 5 0
"chr4_185178480_G_T" 0 0 4
"chr4_187446146_T_C" 0 4 0
"chr4_187700651_G_A" 0 11 0
"chr4_187702475_T_G" 0 4 0
"chr4_189642223_G_A" 0 0 5
"chr4_22779006_G_T" 0 0 8
"chr4_23215062_G_A" 0 8 0
"chr4_25167467_T_G" 0 0 6
"chr4_26542720_C_T" 0 0 8
"chr4_30872222_C_A" 0 0 5
"chr4_32515914_A_T" 0 0 9
"chr4_32814678_G_A" 0 5 0
"chr4_33284036_G_A" 0 0 5
"chr4_34807845_A_G" 0 0 4
"chr4_35214554_G_A" 0 7 0
"chr4_36223542_C_T" 0 0 7
"chr4_42006940_C_G" 0 12 0
"chr4_43459187_C_A" 0 4 0
"chr4_43531388_C_T" 0 8 0
"chr4_43788715_C_A" 0 0 4
"chr4_44792402_A_C" 0 0 7
"chr4_45914204_G_A" 0 0 5
"chr4_47197573_G_A" 0 6 0
"chr4_48484593_T_C" 0 9 0
"chr4_53291167_T_C" 0 0 4
"chr4_56104899_G_A" 0 0 7
"chr4_59325908_T_C" 0 0 7
"chr4_59452515_A_G" 0 4 0
"chr4_59920828_T_C" 0 7 0
"chr4_62777717_G_A" 0 8 0
"chr4_64697519_C_T" 0 0 8
"chr4_64816752_G_C" 0 0 9
"chr4_66504436_G_A" 0 0 5
"chr4_66517726_G_T" 0 0 6
"chr4_66779774_C_T" 0 0 6
"chr4_69065601_T_G" 0 0 4
"chr4_71014241_C_G" 0 0 5
"chr4_72999377_C_T" 0 8 0
"chr4_74808594_C_T" 0 7 0
"chr4_7501059_G_A" 0 9 0
"chr4_7612433_G_A" 0 5 0
"chr4_77796846_C_A" 0 0 6
"chr4_80557500_C_T" 0 0 7
"chr4_81286082_A_G" 0 0 4
"chr4_81414646_C_A" 0 7 0
"chr4_83834511_G_A" 0 0 4
"chr4_84885781_G_A" 0 0 4
"chr4_85276587_C_T" 0 8 0
"chr4_88382598_T_C" 0 4 0
"chr4_8953335_C_T" 0 12 0
"chr4_90844405_C_T" 0 0 7
"chr4_92046274_G_T" 0 0 4
"chr4_93982818_C_T" 0 5 0
"chr4_95592905_G_A" 0 4 5
"chr4_97663507_C_A" 0 4 0
"chr4_98048346_T_C" 0 0 5
"chr4_99715488_C_T" 0 0 7
"chr5_100814855_A_C" 0 0 5
"chr5_101205463_G_T" 0 0 4
"chr5_101677895_A_G" 0 0 6
"chr5_103881734_C_T" 0 6 0
"chr5_106129564_G_A" 0 0 9
"chr5_106649806_T_C" 0 8 0
"chr5_114017623_A_T" 0 0 4
"chr5_11942995_C_T" 0 0 7
"chr5_119807012_C_T" 0 4 0
"chr5_120389881_C_A" 0 0 4
"chr5_12064082_T_A" 0 0 9
"chr5_122935220_G_C" 0 7 0
"chr5_128690715_T_A" 0 0 4
"chr5_129756594_G_T" 0 0 4
"chr5_132908547_C_A" 0 0 6
"chr5_137312454_A_G" 0 4 0
"chr5_137790395_G_T" 0 10 0
"chr5_137892879_G_A" 0 8 0
"chr5_143477567_C_A" 0 0 6
"chr5_146125032_A_C" 0 0 7
"chr5_147256200_T_G" 0 0 4
"chr5_148005940_G_A" 0 0 8
"chr5_149609205_A_T" 7 1 0
"chr5_151707284_T_C" 4 0 0
"chr5_151735600_C_G" 0 0 5
"chr5_152015101_T_C" 0 4 0
"chr5_155725116_C_A" 0 0 6
"chr5_156199212_A_G" 0 5 0
"chr5_156813354_C_A" 0 0 8
"chr5_157400871_A_T" 0 0 6
"chr5_158206307_C_A" 0 0 4
"chr5_159535633_G_A" 0 0 4
"chr5_162355328_C_T" 0 0 6
"chr5_164787810_A_G" 4 0 0
"chr5_166604140_C_T" 0 0 4
"chr5_167311493_T_C" 0 0 9
"chr5_167527847_A_G" 0 0 4
"chr5_170706514_C_T" 0 11 0
"chr5_171083615_A_G" 0 0 8
"chr5_172308596_C_A" 0 0 7
"chr5_173375547_T_C" 0 0 4
"chr5_1762465_C_A" 0 0 7
"chr5_18564894_T_A" 0 0 5
"chr5_18576789_C_A" 0 4 0
"chr5_19389111_C_A" 0 0 5
"chr5_19395859_G_A" 0 0 6
"chr5_19557152_C_A" 0 6 0
"chr5_19614878_C_T" 0 0 7
"chr5_19910362_T_G" 0 9 0
"chr5_20396_G_A" 0 0 6
"chr5_22999173_T_A" 0 0 4
"chr5_23541536_A_T" 0 4 0
"chr5_23784554_A_G" 0 0 5
"chr5_24960530_C_A" 0 0 8
"chr5_25176791_G_T" 0 0 4
"chr5_26242987_G_A" 0 0 5
"chr5_27142842_G_A" 0 11 0
"chr5_27512474_G_T" 0 0 4
"chr5_28466487_G_A" 0 0 6
"chr5_29779354_A_T" 0 5 0
"chr5_29834288_G_T" 0 0 4
"chr5_31048586_A_G" 0 0 5
"chr5_33247386_G_T" 0 0 4
"chr5_34487392_G_C" 0 5 0
"chr5_35139441_C_G" 0 0 5
"chr5_3561490_G_A" 0 7 0
"chr5_37262212_G_A" 0 9 0
"chr5_39732362_C_T" 0 4 0
"chr5_4178303_G_T" 0 10 0
"chr5_41963869_A_T" 0 0 4
"chr5_41986344_C_T" 0 4 0
"chr5_4428101_G_A" 0 0 9
"chr5_4453640_C_T" 0 0 7
"chr5_45762542_G_C" 0 0 4
"chr5_45858720_C_T" 0 0 7
"chr5_46387393_A_T" 0 0 6
"chr5_4647840_C_T" 0 6 0
"chr5_51055634_C_T" 0 7 0
"chr5_5192224_C_T" 0 12 0
"chr5_52224119_C_T" 0 10 0
"chr5_53108583_A_G" 0 0 9
"chr5_5560523_A_G" 0 0 4
"chr5_57195012_A_G" 4 0 0
"chr5_5837456_C_T" 0 0 5
"chr5_61698209_G_A" 0 0 6
"chr5_61761252_A_T" 0 0 7
"chr5_63021641_C_T" 8 0 9
"chr5_63465058_G_T" 0 0 9
"chr5_66404797_C_T" 0 0 9
"chr5_66652092_G_A" 0 0 6
"chr5_66813312_T_C" 0 9 0
"chr5_71457129_C_T" 0 0 4
"chr5_74882171_G_A" 0 0 11
"chr5_76399053_A_C" 0 0 5
"chr5_80680187_G_T" 0 0 4
"chr5_84427333_C_T" 0 9 0
"chr5_84918228_C_A" 0 0 11
"chr5_87573729_G_A" 0 8 0
"chr5_89263313_G_T" 0 0 7
"chr5_89514709_G_T" 0 11 0
"chr5_91491760_C_G" 0 0 4
"chr5_9376534_C_A" 0 0 5
"chr5_9452849_G_C" 0 0 6
"chr6_101709777_G_A" 0 0 7
"chr6_10193008_G_A" 0 0 5
"chr6_103334237_C_T" 0 0 7
"chr6_105507165_C_T" 0 0 5
"chr6_106896905_A_G" 9 1 0
"chr6_109417400_A_T" 0 0 4
"chr6_110554740_C_T" 0 7 0
"chr6_113845274_G_A" 0 0 10
"chr6_114457842_G_C" 0 5 0
"chr6_116669438_C_T" 0 6 0
"chr6_117031700_G_A" 0 5 1
"chr6_118131026_C_T" 0 0 8
"chr6_120752486_G_A" 0 0 4
"chr6_124510431_C_T" 0 0 6
"chr6_124771535_C_T" 0 0 13
"chr6_125938790_C_G" 0 0 7
"chr6_126676275_C_T" 0 9 0
"chr6_127644010_G_T" 0 0 4
"chr6_12894040_A_G" 0 0 14
"chr6_130644501_C_T" 0 11 0
"chr6_131761003_A_T" 0 7 0
"chr6_132007089_G_A" 0 9 0
"chr6_133633555_A_G" 0 0 5
"chr6_134154124_G_T" 0 0 4
"chr6_136906026_G_A" 0 0 10
"chr6_137499838_G_A" 0 9 0
"chr6_138477795_A_T" 0 0 5
"chr6_140763014_A_G" 0 0 4
"chr6_141505347_C_A" 0 4 0
"chr6_145234974_C_T" 0 11 1
"chr6_145764511_A_G" 0 10 0
"chr6_149531833_C_A" 0 0 4
"chr6_149613537_C_A" 0 0 4
"chr6_151062394_C_T" 0 4 0
"chr6_152886261_G_T" 0 0 7
"chr6_153096298_C_A" 0 0 8
"chr6_154424532_G_T" 0 4 0
"chr6_155076224_T_C" 0 0 4
"chr6_155186241_G_T" 0 4 0
"chr6_155605232_T_C" 0 0 7
"chr6_157735525_T_A" 0 0 4
"chr6_159778756_G_A" 0 0 5
"chr6_160607504_G_A" 0 8 0
"chr6_16097227_C_A" 0 11 0
"chr6_162095674_C_G" 0 8 0
"chr6_163624213_G_A" 0 0 7
"chr6_163924235_G_A" 0 5 0
"chr6_164417802_C_T" 0 0 4
"chr6_164540650_G_A" 0 4 0
"chr6_164735368_T_C" 0 8 0
"chr6_167904239_T_C" 0 6 0
"chr6_169210732_G_T" 0 0 7
"chr6_20197992_G_T" 0 0 4
"chr6_20844906_A_G" 0 0 4
"chr6_22014030_G_A" 0 0 4
"chr6_22509827_A_T" 0 5 0
"chr6_22530833_T_G" 0 9 0
"chr6_22560432_G_A" 0 0 4
"chr6_23093159_C_A" 0 5 0
"chr6_24446361_T_A" 0 4 0
"chr6_24863207_C_T" 0 10 0
"chr6_28631493_G_A" 0 0 5
"chr6_29340108_T_C" 0 0 8
"chr6_29375511_T_A" 0 1 4
"chr6_30227161_C_T" 0 9 0
"chr6_30371301_G_T" 0 0 4
"chr6_33522005_C_A" 0 7 0
"chr6_35420930_G_T" 0 5 0
"chr6_3578297_C_T" 0 0 5
"chr6_4014647_G_A" 0 0 11
"chr6_41179746_C_A" 0 0 4
"chr6_41268074_G_A" 0 0 4
"chr6_43757617_G_T" 0 0 4
"chr6_46450881_T_C" 0 10 0
"chr6_48251848_G_A" 0 0 5
"chr6_48774699_C_T" 0 4 0
"chr6_49971423_G_A" 0 0 4
"chr6_50273279_G_T" 0 0 5
"chr6_53386789_A_G" 0 10 0
"chr6_54206458_T_C" 0 0 4
"chr6_55106689_C_T" 0 6 0
"chr6_58078456_G_A" 0 0 5
"chr6_58096711_G_T" 0 1 9
"chr6_61128606_C_T" 0 0 9
"chr6_62068104_G_T" 0 0 5
"chr6_63369482_A_T" 0 0 7
"chr6_64815992_T_C" 0 0 7
"chr6_67303504_G_T" 0 0 6
"chr6_68054038_G_A" 0 0 10
"chr6_68373313_T_C" 0 13 0
"chr6_68676702_C_G" 0 0 4
"chr6_76534827_G_C" 0 0 8
"chr6_77059750_C_T" 0 0 5
"chr6_77100142_C_T" 7 0 0
"chr6_78552209_G_A" 0 0 6
"chr6_78786588_A_G" 0 6 0
"chr6_79234757_C_T" 0 0 4
"chr6_80187582_T_A" 0 0 5
"chr6_8255488_C_T" 0 8 1
"chr6_84729220_G_A" 0 0 6
"chr6_84757014_G_A" 0 0 5
"chr6_84870145_C_A" 0 5 0
"chr6_85962822_T_A" 0 0 6
"chr6_86266473_T_C" 0 0 9
"chr6_86732513_C_T" 0 0 8
"chr6_87864133_G_A" 0 5 0
"chr6_87878590_A_G" 0 0 9
"chr6_88299161_G_T" 0 5 0
"chr6_88428090_C_A" 0 0 8
"chr6_90340077_T_C" 0 0 4
"chr6_90849151_T_C" 0 0 5
"chr6_92143851_A_T" 0 0 4
"chr6_92462086_A_G" 0 0 7
"chr6_92657720_G_A" 0 0 11
"chr6_92778772_C_A" 0 0 12
"chr6_93336648_G_A" 0 0 5
"chr6_94611320_C_T" 0 0 9
"chr6_94825803_A_G" 0 0 8
"chr6_97296990_C_T" 0 0 11
"chr6_97700644_G_A" 0 0 4
"chr6_97727305_C_T" 0 0 11
"chr6_98276651_C_T" 0 0 4
"chr6_98395110_G_T" 0 7 0
"chr6_99694029_C_T" 0 0 8
"chr7_102262451_G_A" 0 11 0
"chr7_104649343_C_T" 0 0 6
"chr7_106634563_G_T" 0 0 5
"chr7_108017690_T_C" 0 0 6
"chr7_10839282_T_C" 0 0 8
"chr7_10880756_T_A" 0 0 4
"chr7_110218707_G_A" 0 0 10
"chr7_111951489_C_G" 0 0 8
"chr7_113302020_T_C" 0 6 0
"chr7_115502287_C_T" 0 5 0
"chr7_117075421_G_A" 0 5 0
"chr7_118029836_T_A" 0 0 4
"chr7_119554893_G_A" 0 0 6
"chr7_124685406_G_C" 0 8 0
"chr7_126051906_C_T" 0 7 0
"chr7_127755635_T_G" 0 0 5
"chr7_128108397_C_A" 0 0 4
"chr7_128146486_G_T" 0 0 4
"chr7_128412820_C_A" 0 0 6
"chr7_12985662_G_T" 0 12 0
"chr7_131423445_G_C" 0 4 0
"chr7_132018714_G_T" 0 0 4
"chr7_132594634_C_G" 0 4 0
"chr7_13453121_A_C" 0 6 0
"chr7_13453144_A_T" 0 7 0
"chr7_136481765_A_G" 0 0 14
"chr7_137529661_T_C" 0 4 0
"chr7_13758699_A_G" 0 0 4
"chr7_139993145_C_T" 0 0 4
"chr7_141284868_C_T" 0 0 4
"chr7_143942181_A_G" 0 13 0
"chr7_145879456_G_T" 0 0 4
"chr7_146115261_C_A" 0 4 0
"chr7_146404168_G_T" 0 0 4
"chr7_14776057_G_A" 0 0 7
"chr7_152485605_C_T" 0 0 8
"chr7_15290802_T_C" 0 4 0
"chr7_153099076_C_A" 0 0 4
"chr7_153862806_A_G" 0 0 8
"chr7_15426475_G_A" 0 4 0
"chr7_155063647_A_G" 0 0 7
"chr7_156924735_C_T" 0 0 4
"chr7_157322892_C_A" 0 0 4
"chr7_15880505_G_A" 0 0 6
"chr7_16139698_G_T" 0 9 0
"chr7_16193138_G_A" 0 0 5
"chr7_16837988_T_C" 0 13 0
"chr7_19695733_G_T" 0 0 4
"chr7_19836929_G_A" 0 10 0
"chr7_21732070_G_A" 0 7 0
"chr7_21822662_G_T" 0 0 4
"chr7_22438164_G_A" 0 0 5
"chr7_2257095_G_A" 0 0 5
"chr7_22630393_G_A" 0 8 0
"chr7_23448991_C_T" 0 5 0
"chr7_28713572_C_T" 0 4 0
"chr7_2894312_G_T" 0 0 6
"chr7_3009390_C_T" 0 11 0
"chr7_31518466_G_A" 0 11 0
"chr7_33751085_A_G" 0 0 7
"chr7_33831207_C_A" 0 0 5
"chr7_37870837_G_C" 0 0 4
"chr7_39654376_A_G" 0 0 14
"chr7_40543457_A_G" 0 0 5
"chr7_41744515_C_T" 0 4 0
"chr7_41900758_A_G" 0 0 5
"chr7_42367436_G_T" 0 0 4
"chr7_43307713_T_A" 0 6 0
"chr7_4362270_C_T" 0 0 5
"chr7_4635258_G_T" 0 5 0
"chr7_46908022_G_A" 0 5 0
"chr7_47151649_C_A" 0 0 8
"chr7_48664356_C_T" 0 8 0
"chr7_51839947_G_A" 0 9 0
"chr7_52835268_A_T" 0 0 8
"chr7_53868874_C_T" 0 0 13
"chr7_54835891_C_A" 0 0 4
"chr7_5485076_C_A" 0 4 0
"chr7_57268959_C_T" 0 5 0
"chr7_58064154_G_T" 0 0 13
"chr7_58091954_T_A" 0 11 0
"chr7_58118499_A_G" 0 0 8
"chr7_63843682_C_T" 0 0 4
"chr7_68552334_G_T" 0 4 0
"chr7_69838043_G_T" 0 0 6
"chr7_70033822_C_T" 0 6 0
"chr7_7251032_T_G" 0 5 0
"chr7_77536591_C_A" 0 0 4
"chr7_77991351_G_A" 0 0 5
"chr7_79362136_T_A" 0 12 0
"chr7_80545124_G_A" 0 15 0
"chr7_80954543_T_C" 0 0 5
"chr7_83583752_C_G" 0 0 8
"chr7_8458142_C_T" 0 0 14
"chr7_86005280_G_T" 0 0 6
"chr7_87007739_G_A" 0 4 0
"chr7_87117877_C_A" 0 0 4
"chr7_88101124_C_A" 0 0 8
"chr7_89268286_T_C" 0 0 7
"chr7_89840387_T_G" 0 0 4
"chr7_93769538_C_A" 0 0 5
"chr7_93916710_A_G" 0 9 0
"chr8_102711610_C_A" 0 0 6
"chr8_105101376_A_G" 0 10 0
"chr8_107347065_C_T" 0 5 0
"chr8_107525249_C_A" 0 0 6
"chr8_109467263_A_G" 0 0 4
"chr8_110954861_C_A" 0 6 0
"chr8_112392638_C_A" 0 0 4
"chr8_113372890_C_T" 0 0 7
"chr8_113668553_C_T" 0 0 6
"chr8_114306077_A_G" 0 0 8
"chr8_114880232_G_T" 0 10 0
"chr8_115148555_C_T" 0 0 5
"chr8_117045929_T_C" 0 0 5
"chr8_117205293_C_A" 0 9 0
"chr8_120134564_T_C" 0 0 8
"chr8_121439118_A_T" 0 0 4
"chr8_121812348_G_T" 0 0 6
"chr8_122183195_G_A" 0 0 8
"chr8_125859954_C_A" 0 4 0
"chr8_126409596_G_A" 0 0 7
"chr8_127858640_G_T" 0 0 5
"chr8_131616341_G_C" 0 0 9
"chr8_132129718_G_T" 0 0 4
"chr8_134069415_G_A" 0 8 0
"chr8_136810294_C_T" 0 0 9
"chr8_13711505_C_A" 0 12 0
"chr8_138038162_G_T" 0 1 7
"chr8_138040412_C_T" 0 6 0
"chr8_140307092_G_A" 0 10 0
"chr8_140678619_G_A" 0 0 4
"chr8_141842652_G_A" 0 9 0
"chr8_141971286_G_A" 0 0 4
"chr8_14536310_C_T" 0 8 0
"chr8_16542287_A_G" 0 1 4
"chr8_18463941_A_T" 0 0 6
"chr8_18953580_C_G" 0 0 6
"chr8_21735448_C_T" 0 9 0
"chr8_2212726_C_A" 0 0 9
"chr8_26202817_C_T" 0 15 0
"chr8_2641938_A_T" 4 0 0
"chr8_27291501_C_A" 0 0 4
"chr8_31927282_G_T" 0 7 0
"chr8_3287392_C_A" 0 0 5
"chr8_33577030_G_A" 0 0 9
"chr8_34595334_C_A" 0 6 0
"chr8_35064983_G_A" 0 0 4
"chr8_3519647_G_A" 0 0 5
"chr8_35769600_A_G" 0 8 0
"chr8_36206994_G_T" 0 0 5
"chr8_37283453_C_T" 0 4 0
"chr8_37350949_G_T" 0 8 0
"chr8_38459536_A_T" 0 0 4
"chr8_40342277_G_T" 0 4 0
"chr8_40572304_G_T" 0 10 0
"chr8_41401116_G_A" 0 4 0
"chr8_42407700_G_A" 0 0 7
"chr8_43539230_T_A" 0 0 5
"chr8_46741866_G_C" 0 0 4
"chr8_50409768_C_T" 0 6 0
"chr8_51012216_G_A" 0 14 0
"chr8_51018270_A_G" 0 9 0
"chr8_5834356_G_A" 0 0 6
"chr8_58921127_A_T" 0 12 0
"chr8_59219546_A_G" 0 9 0
"chr8_59359892_T_C" 0 4 0
"chr8_59512822_G_A" 0 0 4
"chr8_59793081_C_T" 0 0 9
"chr8_6079500_A_G" 0 10 0
"chr8_6238425_C_T" 0 0 12
"chr8_6256310_C_A" 0 0 8
"chr8_63150879_G_C" 0 5 0
"chr8_68601994_C_A" 0 0 9
"chr8_72054040_G_A" 0 0 7
"chr8_73984205_A_G" 0 7 0
"chr8_75116252_A_G" 0 0 5
"chr8_75581434_T_C" 0 0 5
"chr8_76140336_C_T" 0 4 0
"chr8_77117826_T_C" 0 6 0
"chr8_79416536_C_A" 0 0 5
"chr8_82785427_T_C" 0 0 4
"chr8_85211388_G_A" 0 6 0
"chr8_87427194_C_T" 0 0 8
"chr8_87610911_A_T" 0 4 0
"chr8_87654035_C_G" 0 0 6
"chr8_90376269_C_T" 0 8 0
"chr8_96083964_G_A" 0 0 6
"chr8_96736440_C_T" 0 0 4
"chr8_98673800_C_T" 0 9 0
"chr9_100618680_A_G" 0 0 6
"chr9_100932193_T_C" 0 9 0
"chr9_106818981_C_A" 0 0 7
"chr9_110116711_A_C" 0 6 0
"chr9_112581209_T_A" 0 0 8
"chr9_118308610_C_T" 0 8 0
"chr9_118472405_G_A" 0 0 6
"chr9_119535910_G_A" 0 0 5
"chr9_120716902_C_T" 0 6 0
"chr9_12152249_C_T" 0 0 8
"chr9_12220606_A_G" 0 4 0
"chr9_123289397_T_C" 0 0 9
"chr9_123728775_C_A" 0 0 4
"chr9_124306760_T_C" 0 7 0
"chr9_124426067_G_T" 0 0 4
"chr9_124966792_T_C" 5 0 0
"chr9_125043278_A_C" 0 0 4
"chr9_126629394_A_C" 0 6 0
"chr9_126652960_C_A" 0 0 4
"chr9_132461357_C_T" 0 0 6
"chr9_134568076_G_A" 0 4 0
"chr9_1346417_C_A" 0 11 0
"chr9_137330328_G_T" 0 0 4
"chr9_21699098_G_A" 0 0 5
"chr9_22871435_T_A" 0 0 6
"chr9_2310078_G_T" 0 0 7
"chr9_23161728_C_A" 0 0 6
"chr9_24553861_C_A" 0 0 4
"chr9_28268929_T_C" 0 8 0
"chr9_2989670_C_T" 0 18 0
"chr9_30520840_G_T" 0 0 6
"chr9_32093045_C_T" 0 0 6
"chr9_33483448_C_T" 0 5 0
"chr9_33890844_A_T" 0 0 9
"chr9_38996050_G_A" 0 0 4
"chr9_41958211_G_A" 5 0 7
"chr9_42989392_G_A" 0 4 0
"chr9_43110645_C_T" 0 10 0
"chr9_61578738_C_T" 0 0 11
"chr9_63640233_C_T" 0 0 5
"chr9_64039601_A_T" 0 7 0
"chr9_65467064_G_A" 0 7 0
"chr9_65553927_C_A" 0 7 1
"chr9_66199972_G_C" 11 2 0
"chr9_69762218_G_A" 0 0 4
"chr9_79040577_G_A" 0 4 0
"chr9_80721254_T_A" 0 5 0
"chr9_8412898_A_G" 0 4 0
"chr9_8541013_C_T" 0 4 0
"chr9_8638301_C_G" 0 6 0
"chr9_86536414_T_A" 0 0 7
"chr9_95614582_G_A" 0 6 0
"chr9_96414393_T_A" 0 0 6
"chr9_97031461_C_T" 0 11 0
"chr9_98960404_A_G" 0 0 4
"chr9_99741129_T_C" 0 9 0
"chrX_101386404_G_A" 0 0 6
"chrX_102489527_C_T" 0 0 5
"chrX_104895371_C_A" 0 6 0
"chrX_105345744_C_T" 0 11 0
"chrX_10959321_T_C" 0 0 7
"chrX_112300239_T_C" 0 5 0
"chrX_112482894_G_A" 0 0 8
"chrX_113107008_A_T" 0 1 4
"chrX_114660052_T_C" 0 0 7
"chrX_116535684_A_G" 0 0 4
"chrX_116684161_T_C" 0 0 4
"chrX_117110755_C_T" 0 5 0
"chrX_118293665_C_T" 0 0 11
"chrX_118416590_G_A" 0 0 5
"chrX_118913813_C_A" 0 0 5
"chrX_119121111_G_T" 0 0 6
"chrX_121224475_G_T" 0 8 0
"chrX_121652555_C_T" 0 0 9
"chrX_121806954_G_T" 0 8 0
"chrX_122880130_A_G" 0 8 0
"chrX_123379537_G_T" 0 0 4
"chrX_12507856_G_T" 0 12 0
"chrX_125350467_C_A" 0 5 0
"chrX_125477770_G_T" 0 6 0
"chrX_125803496_A_T" 0 16 0
"chrX_126082787_T_A" 0 0 6
"chrX_127071984_A_T" 0 0 8
"chrX_127820652_C_T" 0 0 4
"chrX_131448905_T_C" 0 0 7
"chrX_133482084_G_C" 0 7 0
"chrX_134023094_G_A" 0 6 0
"chrX_135427544_A_G" 0 0 9
"chrX_135595199_G_A" 0 0 7
"chrX_137087714_G_A" 0 0 5
"chrX_137131867_A_T" 0 0 10
"chrX_137678262_G_A" 0 0 4
"chrX_141448677_C_T" 0 13 0
"chrX_142275930_G_A" 0 8 0
"chrX_14305286_C_A" 0 0 6
"chrX_144949387_C_T" 0 0 5
"chrX_145077382_G_A" 0 5 0
"chrX_145427647_T_A" 0 8 0
"chrX_145476917_C_T" 0 0 5
"chrX_145571467_G_A" 0 6 0
"chrX_147661683_T_A" 0 0 4
"chrX_147707109_C_T" 0 5 0
"chrX_149095812_G_T" 0 12 0
"chrX_149351698_A_G" 0 0 8
"chrX_150687651_G_T" 0 0 7
"chrX_152172899_C_G" 0 0 4
"chrX_152211899_G_T" 0 5 0
"chrX_153462803_C_T" 0 7 0
"chrX_155004555_C_A" 0 0 4
"chrX_155108017_A_G" 0 4 0
"chrX_16764695_A_T" 0 0 6
"chrX_18987632_G_T" 0 0 4
"chrX_19071830_A_T" 0 1 6
"chrX_1935639_C_T" 0 0 4
"chrX_21138378_C_A" 0 9 1
"chrX_21272955_T_G" 0 0 4
"chrX_22787265_G_A" 0 8 0
"chrX_23753891_G_T" 0 0 4
"chrX_23860940_G_T" 0 0 4
"chrX_24314109_G_A" 0 6 0
"chrX_26235777_G_A" 0 0 6
"chrX_26608885_C_G" 0 0 4
"chrX_26769332_C_A" 0 0 4
"chrX_26774237_G_A" 0 0 9
"chrX_27240327_T_A" 0 0 7
"chrX_29770721_T_C" 0 4 0
"chrX_30055572_T_A" 0 7 0
"chrX_32085061_G_A" 0 0 8
"chrX_32390034_C_T" 0 6 0
"chrX_33504611_C_T" 0 7 0
"chrX_34219416_A_G" 0 6 0
"chrX_3464815_C_T" 0 0 4
"chrX_35980134_C_T" 0 0 8
"chrX_37020211_C_T" 0 0 4
"chrX_3790330_G_T" 0 0 4
"chrX_3823209_G_C" 0 7 0
"chrX_38291870_G_A" 0 5 0
"chrX_43216648_C_T" 0 5 0
"chrX_43573330_C_T" 0 0 7
"chrX_44843613_T_C" 0 11 0
"chrX_47364111_T_G" 0 0 8
"chrX_47829388_G_C" 0 0 4
"chrX_48746607_C_T" 0 0 9
"chrX_49710186_C_A" 0 0 5
"chrX_4975366_T_C" 0 8 0
"chrX_51054357_C_A" 0 0 6
"chrX_5227188_C_T" 0 0 6
"chrX_54264067_C_T" 0 8 0
"chrX_54927117_T_C" 0 9 0
"chrX_55127886_C_T" 0 0 11
"chrX_55182836_G_A" 0 6 0
"chrX_57172442_T_C" 0 8 0
"chrX_57266245_T_G" 0 0 6
"chrX_5803308_G_C" 0 0 5
"chrX_6247731_G_A" 0 10 0
"chrX_63115570_A_C" 0 4 0
"chrX_65136812_G_A" 0 0 7
"chrX_65599680_G_A" 0 0 7
"chrX_68374132_C_T" 0 0 4
"chrX_6898426_C_T" 0 5 0
"chrX_69132965_C_T" 0 4 0
"chrX_70133931_G_C" 0 4 0
"chrX_71106934_G_A" 0 0 10
"chrX_71656608_C_T" 0 0 4
"chrX_73200936_C_T" 0 7 0
"chrX_74313845_A_T" 0 0 9
"chrX_74813108_G_T" 0 0 9
"chrX_75128992_T_C" 0 0 5
"chrX_75868164_C_T" 0 0 7
"chrX_76271171_A_T" 0 4 0
"chrX_76879779_T_G" 0 0 4
"chrX_77922572_C_A" 0 0 5
"chrX_78954012_G_A" 0 0 11
"chrX_79215925_T_A" 0 9 0
"chrX_79266908_G_A" 0 10 0
"chrX_79779945_T_A" 0 0 4
"chrX_80190531_A_G" 0 8 0
"chrX_80713072_G_T" 0 0 7
"chrX_81029995_A_G" 0 0 7
"chrX_82136401_C_T" 0 13 0
"chrX_83112094_C_A" 0 5 0
"chrX_85379429_G_A" 0 6 0
"chrX_85643786_A_C" 0 5 0
"chrX_86685255_G_A" 0 13 0
"chrX_86715959_A_C" 0 8 0
"chrX_87252957_C_T" 0 0 11
"chrX_87670983_C_A" 0 0 10
"chrX_88964482_C_A" 0 0 9
"chrX_89064210_G_T" 0 0 6
"chrX_90688029_A_G" 0 8 0
"chrX_93330549_T_A" 0 0 5
"chrX_93610320_G_A" 0 0 8
"chrX_946949_C_T" 0 12 0
"chrX_96056194_C_T" 0 0 9
"chrX_96621529_C_T" 0 0 8
"chrX_96861958_G_A" 0 0 10
"chrX_97799249_T_C" 0 0 5
"chrX_97913135_A_G" 0 0 10
"chrX_99084550_G_T" 0 0 4
