"PD41754b_lo0001" "PD41754b_lo0025" "PD41754b_lo0033" "PD41754b_lo0045" "PD41754b_lo0048"
"chr1_107334152_C_CT" 0 0 0 19 0
"chr1_161183366_TG_T" 0 0 0 5 0
"chr1_167116120_T_TTC" 1 0 1 2 17
"chr1_184946301_GA_G" 0 0 25 0 0
"chr1_195695027_T_TA" 2 2 2 26 3
"chr1_200126532_GA_G" 0 0 0 18 0
"chr1_214038777_A_AT" 1 0 1 12 0
"chr1_50281493_AT_A" 0 0 0 0 17
"chr10_103171836_AATG_A" 0 0 16 0 0
"chr10_104265180_TCACAAAG_T" 0 18 0 0 0
"chr10_105227255_G_GT" 0 0 0 17 0
"chr10_106218513_CA_C" 0 28 0 0 0
"chr10_11791039_C_CA" 0 0 16 0 0
"chr10_12853516_G_GT" 0 0 0 0 4
"chr10_20111844_AT_A" 0 0 0 18 0
"chr10_22034974_GTCCTA_G" 0 0 0 0 13
"chr10_42799108_TTC_T" 0 0 0 0 4
"chr10_62587025_TA_T" 0 0 19 0 0
"chr10_80015388_GA_G" 0 0 22 0 0
"chr10_94390252_C_CA" 1 0 0 26 1
"chr10_94410544_G_GT" 5 0 0 0 0
"chr10_9600644_TA_T" 0 0 21 1 0
"chr10_96292297_CTG_C" 0 0 0 0 9
"chr11_104913141_GT_G" 0 28 0 0 0
"chr11_11347861_AC_A" 0 21 0 0 0
"chr11_116970942_C_CAGGGG" 0 14 0 0 0
"chr11_119308556_C_CAT" 0 0 0 0 9
"chr11_57234661_T_TG" 0 0 0 16 0
"chr11_86387835_AAT_A" 0 0 0 17 0
"chr11_96186589_CA_C" 0 0 5 0 0
"chr12_110520383_A_AT" 0 0 0 1 7
"chr12_119924265_CCTTAA_C" 0 0 0 8 0
"chr12_42304720_C_CA" 0 0 11 1 0
"chr12_72415365_AT_A" 1 0 16 0 0
"chr12_87729276_G_GT" 0 0 8 0 0
"chr13_104432063_TA_T" 0 0 0 23 0
"chr13_21250216_A_AT" 0 0 0 7 1
"chr13_24543267_C_CATG" 0 0 20 0 0
"chr13_49836673_CG_C" 0 0 0 0 12
"chr13_58008381_A_AT" 0 0 0 12 0
"chr13_64456338_A_AT" 0 0 30 0 0
"chr13_70418564_AAAT_A" 0 0 14 0 0
"chr13_75595909_AT_A" 0 0 28 0 0
"chr13_90504227_GC_G" 0 0 0 15 0
"chr14_24191728_G_GT" 7 1 0 0 0
"chr14_25700712_TA_T" 0 30 0 0 0
"chr14_42387412_CA_C" 0 1 15 0 0
"chr14_46704432_GA_G" 0 15 0 0 0
"chr14_47634038_GA_G" 0 0 19 0 0
"chr14_86195470_C_CT" 1 0 2 14 0
"chr14_98434438_C_CT" 2 2 21 1 1
"chr15_101327641_TGGTGGG_T" 0 15 0 0 0
"chr15_49092330_AATAAG_A" 0 12 0 0 0
"chr15_81143154_T_TA" 1 1 24 0 3
"chr16_20160020_A_AT" 0 20 0 1 0
"chr16_22846314_T_TTA" 0 0 0 15 0
"chr16_26605905_G_GA" 0 1 1 19 0
"chr16_57283195_A_AT" 0 0 19 0 0
"chr17_1936424_T_TA" 0 0 0 17 0
"chr17_38932080_C_CA" 0 0 19 0 0
"chr17_69537337_AAG_A" 0 9 0 0 0
"chr17_74154998_C_CA" 0 26 0 1 0
"chr18_53704491_G_GT" 0 29 0 0 0
"chr18_9772908_AGTT_A" 0 0 0 14 0
"chr19_22154935_C_CT" 0 1 0 0 17
"chr19_303134_ACAC_A" 6 0 0 0 0
"chr19_58526206_TTTA_T" 0 0 0 0 4
"chr2_1021816_CT_C" 0 5 0 0 0
"chr2_105814809_A_AG" 0 0 0 19 0
"chr2_115940842_ATTAT_A" 0 10 0 0 0
"chr2_142496070_TA_T" 0 0 33 1 0
"chr2_175616684_A_AT" 1 15 0 0 0
"chr2_193372742_AT_A" 0 0 15 0 1
"chr2_207727533_T_TG" 1 16 6 1 0
"chr2_222885490_AT_A" 0 0 18 0 0
"chr2_23103780_G_GA" 0 0 13 2 3
"chr2_25143219_G_GA" 5 0 6 0 0
"chr2_42631501_G_GT" 0 0 2 2 13
"chr2_56563805_CT_C" 0 9 1 0 0
"chr2_66764257_AT_A" 0 0 42 0 0
"chr20_11890675_GCCCGGGTTC_G" 0 20 0 0 0
"chr20_41999848_A_AT" 0 0 4 0 0
"chr20_43793402_GT_G" 0 27 0 0 0
"chr21_21078336_CA_C" 0 0 11 0 0
"chr21_22137092_T_TA" 0 20 0 0 0
"chr22_32476346_GAATAAATCTTCA_G" 0 0 31 0 0
"chr3_104285819_TC_T" 0 31 0 0 0
"chr3_14680809_T_TA" 0 6 0 0 0
"chr3_146858982_TA_T" 0 0 0 11 0
"chr3_147575611_CA_C" 0 0 0 0 14
"chr3_147725963_AG_A" 0 0 0 27 0
"chr3_162335383_A_AT" 0 0 0 0 26
"chr3_176000014_G_GT" 0 0 0 23 0
"chr3_182640143_CT_C" 0 0 0 21 0
"chr3_292872_AC_A" 0 0 0 10 0
"chr3_38959082_ACATTTCAG_A" 0 0 0 11 0
"chr3_61247771_CA_C" 0 0 0 11 0
"chr3_73132104_CT_C" 0 0 1 0 12
"chr3_75413245_CT_C" 0 0 12 1 0
"chr3_85177169_AC_A" 0 0 0 20 0
"chr3_85602828_AC_A" 0 0 0 0 20
"chr3_87208049_C_CT" 0 0 0 9 0
"chr3_90095691_T_TA" 1 1 29 0 0
"chr3_95217217_A_AT" 0 1 0 3 20
"chr4_111109549_TA_T" 0 16 0 0 0
"chr4_116508893_T_TA" 0 0 0 0 20
"chr4_121297288_TA_T" 0 0 22 0 0
"chr4_133626542_GT_G" 0 0 2 19 0
"chr4_14430422_T_TA" 0 0 17 0 0
"chr4_158869066_TG_T" 0 0 0 0 23
"chr4_165927724_TG_T" 0 0 35 0 0
"chr4_178375829_CTT_C" 0 0 25 0 0
"chr4_187990522_CA_C" 0 0 0 22 0
"chr4_188395492_AT_A" 0 0 0 8 0
"chr4_1950120_CA_C" 0 0 0 0 29
"chr5_102827318_C_CA" 1 2 0 0 15
"chr5_15453443_TG_T" 0 16 0 0 0
"chr5_180266061_G_GA" 0 9 2 0 0
"chr5_4166830_TG_T" 0 0 0 0 31
"chr5_44520183_CT_C" 0 0 0 0 11
"chr5_55396491_AG_A" 0 0 0 19 0
"chr6_10273004_GA_G" 0 1 0 11 0
"chr6_12427598_A_AT" 0 0 14 0 0
"chr6_136981563_C_CT" 1 0 18 0 0
"chr6_152282551_G_GA" 0 0 4 0 0
"chr6_164529733_AG_A" 0 0 0 0 25
"chr6_166516056_CA_C" 0 0 0 16 0
"chr6_18100044_GC_G" 0 39 0 0 0
"chr6_27925334_TA_T" 0 0 4 0 0
"chr6_49397335_CT_C" 0 0 0 0 23
"chr6_54705359_C_CA" 0 0 0 13 0
"chr6_68941343_G_GA" 0 20 0 0 0
"chr6_75894260_GTGGATCGTT_G" 0 30 0 0 0
"chr6_92110724_TA_T" 0 27 0 0 0
"chr7_118751970_C_CA" 0 0 0 21 0
"chr7_137287840_A_AG" 0 0 16 0 0
"chr7_156326726_T_TA" 0 0 24 0 0
"chr7_55616100_GGGA_G" 0 0 0 17 0
"chr8_107731611_CT_C" 0 0 0 27 0
"chr8_113784315_AG_A" 0 0 9 0 0
"chr8_116346366_GT_G" 0 0 11 0 0
"chr8_120712576_AAATT_A" 0 0 4 0 0
"chr8_122212118_TTC_T" 0 0 0 14 0
"chr8_139380272_C_CA" 0 0 0 19 0
"chr8_14873342_ATT_A" 0 0 0 28 0
"chr8_15321830_AC_A" 0 0 22 0 0
"chr8_26351682_GA_G" 0 0 0 21 0
"chr9_10985527_AT_A" 0 0 13 0 0
"chr9_119247495_A_AT" 0 0 14 0 0
"chr9_134763893_CAA_C" 0 26 0 0 0
"chr9_82364803_T_TA" 0 0 0 14 0
"chrX_103108964_C_CA" 5 1 0 0 3
"chrX_110270471_G_GT" 6 0 1 0 0
"chrX_149498577_T_TA" 1 0 0 0 23
"chrX_94032382_C_CA" 2 0 0 0 4
"chrY_13223395_CAG_C" 0 0 0 0 18
"chrY_17123317_CT_C" 1 0 0 10 2
