"PD41751b_lo0001" "PD41751c_lo0017" "PD41751c_lo0030" "PD41751c_lo0031"
"chr1_101756759_C_CA" 32 41 43 39
"chr1_117299157_T_TG" 26 16 36 32
"chr1_150679409_CACCTATT_C" 43 56 33 33
"chr1_179034402_CT_C" 56 51 31 32
"chr1_182417441_A_AT" 43 30 31 45
"chr1_1871787_CAG_C" 64 62 45 39
"chr1_190060983_TTG_T" 45 29 36 58
"chr1_205683866_TA_T" 50 20 42 33
"chr1_216167112_TTA_T" 46 25 29 31
"chr1_220566549_G_GTGA" 48 25 37 64
"chr1_26493390_T_TTG" 44 37 41 44
"chr1_40758565_G_GA" 42 38 43 29
"chr1_6178516_A_AT" 56 37 38 37
"chr1_70603555_GA_G" 45 31 27 46
"chr1_91984212_AT_A" 43 38 45 43
"chr10_105919786_GA_G" 61 59 28 70
"chr10_107935040_T_TA" 39 66 20 42
"chr10_119917207_A_AT" 44 27 31 56
"chr10_20251341_T_TA" 43 44 27 62
"chr10_25846216_AT_A" 55 35 30 37
"chr10_31865719_C_CA" 39 41 31 42
"chr10_47443940_AG_A" 41 39 23 30
"chr10_51753281_AC_A" 50 36 28 47
"chr10_66368411_C_CT" 41 43 29 38
"chr11_101328435_T_TA" 45 36 49 59
"chr11_118351309_TAAGA_T" 47 34 42 28
"chr11_122816357_AG_A" 57 37 39 36
"chr11_20759736_TGATTGGCCTCCAGAG_T" 62 36 24 33
"chr11_68969236_T_TA" 41 36 38 40
"chr11_70197788_C_CA" 41 30 45 28
"chr12_104740457_TC_T" 42 41 43 33
"chr12_106080121_TGA_T" 39 47 51 48
"chr12_119307554_C_CA" 55 49 40 36
"chr12_29373936_CCTTTTTAGTAGTAA_C" 44 56 23 44
"chr12_38383966_G_GT" 43 36 48 30
"chr12_47161320_T_TA" 48 33 36 51
"chr12_89707614_AGGAGGGTCGAGCCCTC_A" 41 37 43 22
"chr13_100015032_A_AT" 49 30 42 37
"chr13_105322000_TA_T" 38 27 26 53
"chr13_34142538_T_TTACAAACTCCC" 52 35 40 44
"chr13_57671951_A_AT" 62 38 19 52
"chr13_81253382_G_GT" 42 18 34 34
"chr13_87250971_C_CT" 46 27 40 44
"chr14_27660826_A_AT" 28 26 29 49
"chr14_31372887_CCT_C" 33 24 21 32
"chr14_35998297_AT_A" 62 41 27 56
"chr14_59275339_GT_G" 39 43 38 36
"chr14_67385651_CT_C" 36 10 13 26
"chr15_31295216_T_TA" 43 40 45 30
"chr15_42859705_C_CA" 42 40 35 39
"chr15_44400321_C_CT" 39 38 26 42
"chr15_45796521_CCT_C" 53 38 24 56
"chr15_51697026_A_AT" 47 41 35 51
"chr15_89103347_AT_A" 43 61 42 42
"chr16_50247049_TTGAA_T" 55 23 42 37
"chr16_57044913_G_GA" 40 38 36 33
"chr16_84687509_CAAAAAAAAAAAAAA_C" 19 12 11 9
"chr17_49052356_G_GA" 42 34 41 31
"chr17_49827271_AT_A" 55 51 53 27
"chr17_5229711_AAAG_A" 55 25 34 34
"chr17_57394195_TG_T" 73 33 50 34
"chr17_68260855_G_GA" 59 38 50 40
"chr17_76185976_C_CAT" 24 45 40 40
"chr18_13662083_GAAGA_G" 43 46 39 42
"chr18_54251551_TTG_T" 51 34 29 27
"chr18_60828955_TAA_T" 45 36 44 32
"chr18_65330556_C_CA" 41 37 37 38
"chr18_77861557_AGT_A" 48 46 38 41
"chr18_79164559_C_CA" 48 32 33 29
"chr19_39578261_G_GT" 57 52 43 51
"chr2_106897360_AT_A" 42 46 23 50
"chr2_124874027_TTTTG_T" 60 65 41 46
"chr2_152657569_T_TA" 37 24 29 37
"chr2_187826763_A_AT" 47 29 26 50
"chr2_193482136_A_AT" 32 25 39 39
"chr2_199522309_ATAAG_A" 36 38 60 58
"chr2_222447857_T_TA" 39 37 52 56
"chr2_234016193_TTG_T" 48 35 36 43
"chr2_25659757_T_TA" 41 40 59 51
"chr2_25822664_T_TA" 49 45 39 37
"chr2_33380924_T_TA" 32 31 22 35
"chr2_38113204_TC_T" 45 31 40 43
"chr2_45964631_CGAAT_C" 57 40 38 38
"chr2_65103540_GCAATTTTACCCA_G" 55 29 36 52
"chr2_89024004_G_GT" 44 49 41 46
"chr20_19761612_TC_T" 68 80 31 50
"chr20_21735042_A_AT" 52 37 26 46
"chr20_42285727_G_GA" 31 35 30 32
"chr20_43952209_A_AT" 47 31 42 37
"chr20_46251215_GGCA_G" 68 50 46 41
"chr20_49525905_G_GT" 60 35 27 24
"chr20_50697245_CAT_C" 45 41 42 16
"chr21_15787731_C_CT" 39 23 34 30
"chr22_45656777_TG_T" 60 37 58 41
"chr3_11405619_C_CT" 39 64 42 30
"chr3_172002473_A_AT" 32 35 25 40
"chr3_17703286_G_GA" 27 18 36 26
"chr3_177774131_TA_T" 47 51 39 55
"chr3_23380812_A_AT" 52 40 52 56
"chr3_41648465_TTATAAA_T" 35 67 29 40
"chr3_86814926_C_CA" 57 30 32 44
"chr3_99903753_CA_C" 47 27 27 32
"chr4_136552567_GT_G" 54 39 32 39
"chr4_184430860_A_AT" 58 28 46 37
"chr4_69765297_CTG_C" 54 42 43 47
"chr4_75040441_G_GA" 54 36 27 44
"chr4_85501789_CTT_C" 44 25 37 45
"chr5_120058386_AT_A" 40 14 32 54
"chr5_22570520_G_GA" 40 20 30 45
"chr5_24475567_G_GA" 28 33 33 40
"chr5_29157902_G_GA" 46 29 32 28
"chr5_55912327_C_CCACATTTT" 45 67 28 34
"chr5_64661797_TG_T" 36 37 46 36
"chr5_80781490_T_TC" 28 21 20 33
"chr5_81979228_T_TA" 34 26 31 34
"chr5_86074378_CAG_C" 46 24 45 48
"chr5_94599943_C_CA" 43 42 30 41
"chr5_96482167_CT_C" 40 30 23 37
"chr6_113585059_C_CGT" 29 11 21 30
"chr6_140177993_C_CT" 51 38 29 69
"chr6_152940004_T_TA" 21 24 48 46
"chr6_167583084_AAT_A" 42 32 47 61
"chr6_3814741_AT_A" 63 61 28 36
"chr6_42027741_TG_T" 48 35 53 33
"chr6_52501051_AGACTCTGTCAGG_A" 42 35 39 35
"chr6_62097998_GAAAC_G" 46 46 44 43
"chr6_68111897_AG_A" 46 45 31 46
"chr7_114743809_ATACT_A" 51 37 25 57
"chr7_117822433_CT_C" 50 48 40 28
"chr7_123766591_G_GA" 25 53 48 35
"chr7_28646351_G_GA" 40 33 44 33
"chr7_33602729_C_CA" 54 50 42 40
"chr7_37743233_T_TCC" 40 33 36 35
"chr7_42428555_TA_T" 44 32 49 35
"chr7_82551301_G_GA" 38 39 42 44
"chr7_91236667_GA_G" 47 32 31 38
"chr7_98393506_A_AT" 41 39 46 33
"chr8_101416425_CA_C" 55 63 50 43
"chr8_127175242_AAC_A" 41 20 37 33
"chr8_132577836_A_AT" 35 39 34 44
"chr8_62963848_AT_A" 46 38 53 48
"chr8_88813013_G_GA" 24 23 32 49
"chr9_110229265_CTG_C" 40 62 41 44
"chr9_2178725_AT_A" 41 44 31 35
"chrX_112159132_CT_C" 21 21 16 19
"chrX_21569529_CAAAGTCATCCAGGA_C" 24 16 18 26
"chrX_44557126_C_CA" 20 20 25 15
"chrX_78202970_A_AT" 19 22 12 39
"chrY_20284259_GT_G" 15 15 13 8
"chrY_26334849_AT_A" 22 22 13 19
