"PD41754b_lo0001" "PD41754b_lo0025" "PD41754b_lo0033" "PD41754b_lo0045" "PD41754b_lo0048"
"chr1_107334152_C_CT" 23 49 42 42 32
"chr1_161183366_TG_T" 23 26 22 24 6
"chr1_167116120_T_TTC" 33 31 35 31 33
"chr1_184946301_GA_G" 30 41 38 27 37
"chr1_195695027_T_TA" 37 45 29 36 26
"chr1_200126532_GA_G" 28 30 61 39 39
"chr1_214038777_A_AT" 36 37 44 37 36
"chr1_50281493_AT_A" 27 53 45 27 38
"chr10_103171836_AATG_A" 40 48 45 22 34
"chr10_104265180_TCACAAAG_T" 37 40 54 53 42
"chr10_105227255_G_GT" 32 60 45 45 29
"chr10_106218513_CA_C" 23 51 43 43 42
"chr10_11791039_C_CA" 28 55 27 44 31
"chr10_12853516_G_GT" 20 20 33 20 30
"chr10_20111844_AT_A" 34 83 54 43 39
"chr10_22034974_GTCCTA_G" 25 46 48 30 47
"chr10_42799108_TTC_T" 29 36 28 26 34
"chr10_62587025_TA_T" 31 20 40 53 34
"chr10_80015388_GA_G" 44 46 52 58 39
"chr10_94390252_C_CA" 19 51 29 53 41
"chr10_94410544_G_GT" 31 39 49 29 38
"chr10_9600644_TA_T" 26 47 43 40 40
"chr10_96292297_CTG_C" 32 34 42 45 25
"chr11_104913141_GT_G" 41 49 32 41 39
"chr11_11347861_AC_A" 24 35 43 52 46
"chr11_116970942_C_CAGGGG" 31 40 21 43 34
"chr11_119308556_C_CAT" 13 23 33 16 23
"chr11_57234661_T_TG" 23 23 41 35 44
"chr11_86387835_AAT_A" 26 41 52 48 24
"chr11_96186589_CA_C" 31 40 57 24 38
"chr12_110520383_A_AT" 27 32 43 37 32
"chr12_119924265_CCTTAA_C" 34 53 30 22 27
"chr12_42304720_C_CA" 28 38 30 33 44
"chr12_72415365_AT_A" 20 62 36 47 42
"chr12_87729276_G_GT" 35 39 45 21 49
"chr13_104432063_TA_T" 25 46 43 45 51
"chr13_21250216_A_AT" 26 34 53 28 21
"chr13_24543267_C_CATG" 32 49 37 34 44
"chr13_49836673_CG_C" 26 33 71 61 28
"chr13_58008381_A_AT" 43 57 34 39 38
"chr13_64456338_A_AT" 22 32 67 55 24
"chr13_70418564_AAAT_A" 25 54 60 51 36
"chr13_75595909_AT_A" 22 31 60 35 36
"chr13_90504227_GC_G" 36 30 48 34 43
"chr14_24191728_G_GT" 32 36 43 20 28
"chr14_25700712_TA_T" 33 64 42 27 48
"chr14_42387412_CA_C" 29 47 42 46 22
"chr14_46704432_GA_G" 29 55 48 39 53
"chr14_47634038_GA_G" 23 32 44 53 46
"chr14_86195470_C_CT" 32 35 48 29 41
"chr14_98434438_C_CT" 29 28 48 42 30
"chr15_101327641_TGGTGGG_T" 37 63 45 35 21
"chr15_49092330_AATAAG_A" 17 30 37 25 27
"chr15_81143154_T_TA" 26 36 48 37 49
"chr16_20160020_A_AT" 22 31 37 63 29
"chr16_22846314_T_TTA" 29 23 21 28 25
"chr16_26605905_G_GA" 13 43 21 34 14
"chr16_57283195_A_AT" 30 40 33 26 16
"chr17_1936424_T_TA" 29 32 43 32 48
"chr17_38932080_C_CA" 29 35 32 40 33
"chr17_69537337_AAG_A" 29 34 51 35 57
"chr17_74154998_C_CA" 31 50 33 43 33
"chr18_53704491_G_GT" 25 53 49 46 32
"chr18_9772908_AGTT_A" 26 48 39 41 28
"chr19_22154935_C_CT" 25 70 51 22 39
"chr19_303134_ACAC_A" 28 20 19 25 21
"chr19_58526206_TTTA_T" 28 20 31 35 41
"chr2_1021816_CT_C" 19 49 33 49 27
"chr2_105814809_A_AG" 27 29 46 40 20
"chr2_115940842_ATTAT_A" 31 17 36 42 44
"chr2_142496070_TA_T" 32 56 70 40 56
"chr2_175616684_A_AT" 27 45 45 63 25
"chr2_193372742_AT_A" 37 44 31 57 76
"chr2_207727533_T_TG" 30 35 48 20 26
"chr2_222885490_AT_A" 41 41 45 48 30
"chr2_23103780_G_GA" 18 39 37 51 40
"chr2_25143219_G_GA" 30 29 29 40 24
"chr2_42631501_G_GT" 30 39 28 46 26
"chr2_56563805_CT_C" 37 26 32 38 32
"chr2_66764257_AT_A" 33 33 63 42 44
"chr20_11890675_GCCCGGGTTC_G" 30 39 22 27 35
"chr20_41999848_A_AT" 40 40 43 31 39
"chr20_43793402_GT_G" 34 44 37 41 62
"chr21_21078336_CA_C" 27 59 35 50 39
"chr21_22137092_T_TA" 37 55 58 45 30
"chr22_32476346_GAATAAATCTTCA_G" 31 43 64 23 54
"chr3_104285819_TC_T" 31 39 49 39 34
"chr3_14680809_T_TA" 31 34 43 31 50
"chr3_146858982_TA_T" 28 48 40 35 41
"chr3_147575611_CA_C" 36 15 79 55 36
"chr3_147725963_AG_A" 35 37 51 55 35
"chr3_162335383_A_AT" 36 27 24 33 38
"chr3_176000014_G_GT" 27 41 37 44 21
"chr3_182640143_CT_C" 32 43 40 37 40
"chr3_292872_AC_A" 30 34 30 34 45
"chr3_38959082_ACATTTCAG_A" 35 47 46 34 37
"chr3_61247771_CA_C" 40 48 47 36 45
"chr3_73132104_CT_C" 28 36 53 21 38
"chr3_75413245_CT_C" 21 31 31 46 22
"chr3_85177169_AC_A" 41 50 44 34 42
"chr3_85602828_AC_A" 28 33 41 39 45
"chr3_87208049_C_CT" 18 69 49 33 51
"chr3_90095691_T_TA" 43 36 57 57 32
"chr3_95217217_A_AT" 30 40 33 53 38
"chr4_111109549_TA_T" 33 43 44 43 31
"chr4_116508893_T_TA" 43 37 48 48 36
"chr4_121297288_TA_T" 27 49 44 31 38
"chr4_133626542_GT_G" 31 50 35 39 39
"chr4_14430422_T_TA" 37 75 43 60 41
"chr4_158869066_TG_T" 36 23 44 26 50
"chr4_165927724_TG_T" 27 33 59 41 40
"chr4_178375829_CTT_C" 30 48 43 67 30
"chr4_187990522_CA_C" 31 43 48 51 45
"chr4_188395492_AT_A" 24 38 30 23 31
"chr4_1950120_CA_C" 25 23 56 36 56
"chr5_102827318_C_CA" 28 45 44 34 29
"chr5_15453443_TG_T" 34 20 33 50 35
"chr5_180266061_G_GA" 38 54 18 31 29
"chr5_4166830_TG_T" 29 35 35 57 70
"chr5_44520183_CT_C" 23 44 50 36 38
"chr5_55396491_AG_A" 42 49 23 48 25
"chr6_10273004_GA_G" 29 45 56 38 39
"chr6_12427598_A_AT" 38 19 29 33 39
"chr6_136981563_C_CT" 23 14 40 43 38
"chr6_152282551_G_GA" 18 44 43 38 19
"chr6_164529733_AG_A" 20 38 31 34 53
"chr6_166516056_CA_C" 34 16 45 49 27
"chr6_18100044_GC_G" 51 58 44 46 52
"chr6_27925334_TA_T" 35 36 81 43 39
"chr6_49397335_CT_C" 38 32 62 48 30
"chr6_54705359_C_CA" 34 39 69 38 47
"chr6_68941343_G_GA" 24 40 37 38 42
"chr6_75894260_GTGGATCGTT_G" 33 55 28 40 50
"chr6_92110724_TA_T" 30 58 46 24 37
"chr7_118751970_C_CA" 32 52 56 44 63
"chr7_137287840_A_AG" 20 38 34 37 32
"chr7_156326726_T_TA" 29 31 46 25 42
"chr7_55616100_GGGA_G" 26 36 48 33 27
"chr8_107731611_CT_C" 40 50 50 55 20
"chr8_113784315_AG_A" 14 36 42 38 35
"chr8_116346366_GT_G" 27 45 29 48 33
"chr8_120712576_AAATT_A" 27 41 26 41 38
"chr8_122212118_TTC_T" 25 43 50 62 29
"chr8_139380272_C_CA" 31 35 32 41 32
"chr8_14873342_ATT_A" 37 49 57 45 39
"chr8_15321830_AC_A" 24 48 54 52 34
"chr8_26351682_GA_G" 25 33 44 47 39
"chr9_10985527_AT_A" 36 29 45 22 38
"chr9_119247495_A_AT" 23 38 27 34 30
"chr9_134763893_CAA_C" 29 44 48 51 34
"chr9_82364803_T_TA" 20 15 35 44 18
"chrX_103108964_C_CA" 17 26 15 17 10
"chrX_110270471_G_GT" 23 12 30 26 11
"chrX_149498577_T_TA" 20 32 14 25 26
"chrX_94032382_C_CA" 14 8 24 12 15
"chrY_13223395_CAG_C" 19 28 10 26 18
"chrY_17123317_CT_C" 22 21 13 25 34
