"PD41751b_lo0001" "PD41751c_lo0017" "PD41751c_lo0030" "PD41751c_lo0031"
"chr1_101756759_C_CA" 0 12 0 0
"chr1_117299157_T_TG" 4 0 0 0
"chr1_150679409_CACCTATT_C" 0 0 0 10
"chr1_179034402_CT_C" 5 0 0 0
"chr1_182417441_A_AT" 6 0 0 0
"chr1_1871787_CAG_C" 0 0 0 11
"chr1_190060983_TTG_T" 6 0 0 0
"chr1_205683866_TA_T" 0 0 0 9
"chr1_216167112_TTA_T" 5 0 0 0
"chr1_220566549_G_GTGA" 0 0 14 0
"chr1_26493390_T_TTG" 0 12 0 0
"chr1_40758565_G_GA" 8 0 4 0
"chr1_6178516_A_AT" 6 0 0 0
"chr1_70603555_GA_G" 0 0 0 15
"chr1_91984212_AT_A" 5 0 0 0
"chr10_105919786_GA_G" 0 0 0 26
"chr10_107935040_T_TA" 0 0 15 0
"chr10_119917207_A_AT" 0 7 0 4
"chr10_20251341_T_TA" 0 0 0 19
"chr10_25846216_AT_A" 0 0 0 7
"chr10_31865719_C_CA" 4 0 0 0
"chr10_47443940_AG_A" 0 0 0 9
"chr10_51753281_AC_A" 0 0 0 18
"chr10_66368411_C_CT" 0 8 0 0
"chr11_101328435_T_TA" 0 0 22 0
"chr11_118351309_TAAGA_T" 7 0 0 0
"chr11_122816357_AG_A" 0 12 0 0
"chr11_20759736_TGATTGGCCTCCAGAG_T" 0 0 0 15
"chr11_68969236_T_TA" 7 0 0 0
"chr11_70197788_C_CA" 2 13 1 0
"chr12_104740457_TC_T" 0 0 0 10
"chr12_106080121_TGA_T" 6 0 20 0
"chr12_119307554_C_CA" 5 0 0 0
"chr12_29373936_CCTTTTTAGTAGTAA_C" 0 7 0 0
"chr12_38383966_G_GT" 0 0 0 7
"chr12_47161320_T_TA" 0 0 0 17
"chr12_89707614_AGGAGGGTCGAGCCCTC_A" 0 0 21 0
"chr13_100015032_A_AT" 5 0 0 0
"chr13_105322000_TA_T" 0 0 0 4
"chr13_34142538_T_TTACAAACTCCC" 0 8 0 0
"chr13_57671951_A_AT" 0 0 0 12
"chr13_81253382_G_GT" 0 0 19 0
"chr13_87250971_C_CT" 5 0 0 0
"chr14_27660826_A_AT" 3 1 0 17
"chr14_31372887_CCT_C" 5 0 0 0
"chr14_35998297_AT_A" 5 0 0 0
"chr14_59275339_GT_G" 0 0 0 10
"chr14_67385651_CT_C" 10 0 0 5
"chr15_31295216_T_TA" 6 0 0 0
"chr15_42859705_C_CA" 0 22 0 0
"chr15_44400321_C_CT" 8 0 2 0
"chr15_45796521_CCT_C" 4 0 0 0
"chr15_51697026_A_AT" 0 0 14 0
"chr15_89103347_AT_A" 4 0 0 0
"chr16_50247049_TTGAA_T" 0 0 4 0
"chr16_57044913_G_GA" 4 0 0 0
"chr16_84687509_CAAAAAAAAAAAAAA_C" 5 0 0 3
"chr17_49052356_G_GA" 6 0 0 0
"chr17_49827271_AT_A" 5 0 0 0
"chr17_5229711_AAAG_A" 0 0 0 10
"chr17_57394195_TG_T" 1 0 0 10
"chr17_68260855_G_GA" 0 0 19 1
"chr17_76185976_C_CAT" 0 4 0 0
"chr18_13662083_GAAGA_G" 15 0 26 0
"chr18_54251551_TTG_T" 5 0 0 0
"chr18_60828955_TAA_T" 0 0 18 0
"chr18_65330556_C_CA" 0 0 0 4
"chr18_77861557_AGT_A" 0 0 0 7
"chr18_79164559_C_CA" 7 0 0 0
"chr19_39578261_G_GT" 0 0 19 0
"chr2_106897360_AT_A" 0 0 7 0
"chr2_124874027_TTTTG_T" 0 0 6 0
"chr2_152657569_T_TA" 9 0 2 0
"chr2_187826763_A_AT" 0 0 0 11
"chr2_193482136_A_AT" 0 0 0 9
"chr2_199522309_ATAAG_A" 0 0 0 9
"chr2_222447857_T_TA" 2 2 28 0
"chr2_234016193_TTG_T" 5 0 0 0
"chr2_25659757_T_TA" 5 0 0 0
"chr2_25822664_T_TA" 0 0 15 1
"chr2_33380924_T_TA" 0 0 0 5
"chr2_38113204_TC_T" 1 0 18 0
"chr2_45964631_CGAAT_C" 4 0 0 0
"chr2_65103540_GCAATTTTACCCA_G" 0 19 0 0
"chr2_89024004_G_GT" 1 0 0 11
"chr20_19761612_TC_T" 0 0 0 13
"chr20_21735042_A_AT" 0 0 0 6
"chr20_42285727_G_GA" 7 0 3 0
"chr20_43952209_A_AT" 5 0 0 0
"chr20_46251215_GGCA_G" 7 0 0 0
"chr20_49525905_G_GT" 13 3 0 0
"chr20_50697245_CAT_C" 4 0 0 0
"chr21_15787731_C_CT" 5 0 0 0
"chr22_45656777_TG_T" 0 0 0 13
"chr3_11405619_C_CT" 0 6 0 0
"chr3_172002473_A_AT" 0 0 0 4
"chr3_17703286_G_GA" 0 0 2 9
"chr3_177774131_TA_T" 0 0 0 18
"chr3_23380812_A_AT" 1 0 0 12
"chr3_41648465_TTATAAA_T" 0 37 0 0
"chr3_86814926_C_CA" 4 0 0 0
"chr3_99903753_CA_C" 0 0 0 11
"chr4_136552567_GT_G" 1 0 0 13
"chr4_184430860_A_AT" 6 0 0 0
"chr4_69765297_CTG_C" 5 0 0 0
"chr4_75040441_G_GA" 5 0 0 0
"chr4_85501789_CTT_C" 0 0 14 0
"chr5_120058386_AT_A" 5 0 0 0
"chr5_22570520_G_GA" 7 0 0 0
"chr5_24475567_G_GA" 0 4 0 0
"chr5_29157902_G_GA" 4 0 0 0
"chr5_55912327_C_CCACATTTT" 1 0 0 15
"chr5_64661797_TG_T" 0 21 0 0
"chr5_80781490_T_TC" 4 0 7 0
"chr5_81979228_T_TA" 0 0 0 4
"chr5_86074378_CAG_C" 6 0 0 0
"chr5_94599943_C_CA" 5 0 0 0
"chr5_96482167_CT_C" 0 17 0 0
"chr6_113585059_C_CGT" 5 0 1 17
"chr6_140177993_C_CT" 0 0 0 7
"chr6_152940004_T_TA" 0 11 3 2
"chr6_167583084_AAT_A" 0 8 0 1
"chr6_3814741_AT_A" 5 0 0 0
"chr6_42027741_TG_T" 7 0 18 10
"chr6_52501051_AGACTCTGTCAGG_A" 0 0 20 0
"chr6_62097998_GAAAC_G" 0 0 12 0
"chr6_68111897_AG_A" 0 15 0 0
"chr7_114743809_ATACT_A" 0 0 15 0
"chr7_117822433_CT_C" 0 25 0 0
"chr7_123766591_G_GA" 1 35 0 0
"chr7_28646351_G_GA" 0 11 0 0
"chr7_33602729_C_CA" 6 0 0 0
"chr7_37743233_T_TCC" 2 2 0 19
"chr7_42428555_TA_T" 0 0 5 0
"chr7_82551301_G_GA" 6 0 0 0
"chr7_91236667_GA_G" 0 0 0 11
"chr7_98393506_A_AT" 0 0 4 0
"chr8_101416425_CA_C" 4 0 0 0
"chr8_127175242_AAC_A" 6 0 0 0
"chr8_132577836_A_AT" 9 0 0 0
"chr8_62963848_AT_A" 0 0 0 4
"chr8_88813013_G_GA" 1 11 0 2
"chr9_110229265_CTG_C" 0 11 0 0
"chr9_2178725_AT_A" 4 0 0 0
"chrX_112159132_CT_C" 0 0 0 11
"chrX_21569529_CAAAGTCATCCAGGA_C" 0 0 9 0
"chrX_44557126_C_CA" 5 0 0 2
"chrX_78202970_A_AT" 0 0 0 9
"chrY_20284259_GT_G" 13 6 7 8
"chrY_26334849_AT_A" 0 14 0 0
