"PD41751b_lo0001" "PD41751c_lo0017" "PD41751c_lo0030" "PD41751c_lo0031"
"chr1_100092140_G_T" 0 0 5 0
"chr1_101997886_C_T" 0 1 0 6
"chr1_106238918_A_G" 0 10 0 0
"chr1_106622274_A_G" 0 4 0 0
"chr1_106828558_G_C" 0 0 0 11
"chr1_111035003_G_A" 0 0 0 10
"chr1_111545216_C_A" 0 4 0 0
"chr1_118063922_G_A" 0 0 0 12
"chr1_119864436_C_T" 0 7 0 0
"chr1_13355107_G_A" 0 0 0 7
"chr1_144966503_G_C" 0 0 0 6
"chr1_14539605_C_T" 0 0 0 5
"chr1_151164727_G_A" 0 0 13 0
"chr1_151719823_G_A" 0 0 0 9
"chr1_153554891_C_A" 0 0 0 4
"chr1_157900395_C_T" 0 0 0 4
"chr1_159392080_C_T" 0 0 0 6
"chr1_162852289_C_T" 0 0 9 0
"chr1_164196180_G_T" 0 0 10 0
"chr1_164276801_G_T" 0 0 13 0
"chr1_168812281_T_A" 0 0 0 11
"chr1_171912912_T_C" 0 0 0 4
"chr1_174721767_T_C" 0 0 0 5
"chr1_175872704_T_A" 4 0 0 0
"chr1_176344208_C_T" 0 0 0 10
"chr1_177835947_A_G" 0 10 0 0
"chr1_17795696_C_T" 0 0 4 0
"chr1_178181698_G_A" 0 4 0 0
"chr1_181047771_G_A" 0 0 0 4
"chr1_183413991_C_T" 0 0 5 0
"chr1_187307485_C_T" 0 8 0 0
"chr1_187400034_A_G" 0 0 9 0
"chr1_190934139_G_A" 0 0 6 0
"chr1_191332109_A_T" 0 6 0 0
"chr1_195005741_C_A" 0 0 0 8
"chr1_195072896_T_A" 0 5 0 0
"chr1_195895577_G_A" 0 0 0 14
"chr1_196535695_C_G" 0 0 9 0
"chr1_196853188_G_A" 0 0 0 6
"chr1_198840954_G_A" 0 0 7 0
"chr1_199057063_C_T" 0 7 0 0
"chr1_199943211_A_T" 0 0 0 4
"chr1_200184438_C_G" 0 0 7 0
"chr1_200499671_G_A" 0 0 0 8
"chr1_205972242_A_C" 0 14 0 0
"chr1_206024965_A_G" 0 0 7 0
"chr1_208897739_C_A" 0 4 0 0
"chr1_209890020_C_T" 0 0 0 7
"chr1_210394863_G_A" 0 0 4 0
"chr1_217951726_G_A" 0 0 4 0
"chr1_219097980_G_A" 0 0 13 0
"chr1_220420030_C_T" 0 0 0 6
"chr1_22191751_G_A" 0 10 0 0
"chr1_222269424_C_A" 0 0 0 17
"chr1_223203938_G_T" 0 0 0 8
"chr1_225773286_A_T" 0 0 0 4
"chr1_22821479_G_A" 0 0 13 0
"chr1_228872190_C_T" 0 0 0 8
"chr1_229727604_A_G" 0 6 0 0
"chr1_229950776_A_G" 0 0 0 6
"chr1_234221928_T_G" 0 0 4 0
"chr1_243697050_C_T" 0 0 0 6
"chr1_243909805_C_T" 0 0 0 9
"chr1_244937324_G_T" 0 0 0 11
"chr1_248044575_G_A" 0 0 0 7
"chr1_2617382_G_A" 0 9 0 0
"chr1_29047484_G_A" 0 0 0 7
"chr1_29813476_G_A" 0 0 6 0
"chr1_30485286_G_A" 0 0 11 0
"chr1_31039918_A_T" 0 0 0 18
"chr1_32504947_C_T" 0 0 19 0
"chr1_33746182_G_A" 0 5 0 0
"chr1_36487496_C_T" 0 9 0 0
"chr1_42930643_C_T" 0 0 0 6
"chr1_42941859_C_T" 0 0 4 0
"chr1_48840835_G_A" 0 0 0 17
"chr1_49775617_T_C" 0 0 6 0
"chr1_53327067_G_A" 0 7 0 0
"chr1_53505965_C_T" 0 0 0 9
"chr1_54042388_A_C" 0 0 0 4
"chr1_54485670_T_A" 5 0 0 0
"chr1_56848819_C_A" 0 0 0 4
"chr1_57763497_A_G" 0 4 0 0
"chr1_5844045_C_T" 0 0 0 7
"chr1_63364017_G_A" 0 13 0 0
"chr1_66353088_A_T" 0 11 0 0
"chr1_69554182_G_A" 0 0 4 0
"chr1_69564964_T_C" 2 0 0 13
"chr1_69931115_G_T" 0 0 6 0
"chr1_74615030_G_A" 0 11 0 0
"chr1_76706527_T_G" 0 0 0 7
"chr1_77750424_C_T" 0 0 4 0
"chr1_79274165_T_C" 0 0 0 8
"chr1_794052_C_G" 0 0 0 10
"chr1_83302144_C_A" 0 5 0 0
"chr1_84348916_G_A" 0 4 0 0
"chr1_88705271_A_C" 0 0 5 0
"chr1_88872226_G_T" 0 4 0 0
"chr1_90286400_T_A" 0 0 0 5
"chr1_92668312_G_C" 0 0 0 10
"chr1_9456628_C_T" 0 0 5 0
"chr1_95912881_T_A" 0 0 0 10
"chr1_97839101_C_G" 0 0 0 5
"chr1_98949806_T_A" 0 4 0 0
"chr1_99669319_A_G" 0 6 0 0
"chr10_103547944_G_A" 0 7 0 0
"chr10_103655668_G_A" 0 0 0 5
"chr10_104505296_C_T" 0 7 1 0
"chr10_10636128_G_T" 0 0 0 9
"chr10_106716629_C_A" 0 0 8 0
"chr10_106738865_G_A" 0 0 0 12
"chr10_10818432_G_T" 0 0 0 10
"chr10_117416228_T_C" 0 0 8 0
"chr10_121885471_G_A" 0 0 10 0
"chr10_125534421_C_T" 0 0 11 0
"chr10_125891151_C_A" 0 0 0 7
"chr10_126110572_G_A" 1 11 0 0
"chr10_128646343_G_A" 0 0 0 6
"chr10_130844441_G_A" 0 0 0 4
"chr10_130963237_C_T" 0 0 13 0
"chr10_131015460_C_T" 0 0 0 7
"chr10_131502512_C_T" 0 6 0 1
"chr10_131534026_G_A" 0 6 0 0
"chr10_1326227_A_G" 0 0 0 6
"chr10_15625638_C_T" 0 7 0 0
"chr10_15645952_C_T" 0 0 8 0
"chr10_15915178_G_A" 0 8 0 0
"chr10_1730789_G_T" 0 0 4 0
"chr10_18059419_C_A" 0 0 9 0
"chr10_1904444_C_T" 0 0 0 5
"chr10_19456277_G_A" 0 0 0 8
"chr10_19727463_G_T" 0 5 0 0
"chr10_20836132_C_T" 0 1 0 5
"chr10_21277692_G_T" 0 4 0 0
"chr10_24938411_G_C" 0 0 5 0
"chr10_34124020_C_T" 0 0 6 0
"chr10_34981291_G_T" 0 4 0 0
"chr10_37448881_T_A" 0 9 0 0
"chr10_43422484_C_A" 0 0 19 0
"chr10_43701105_C_T" 0 8 0 0
"chr10_49196258_G_A" 0 0 0 11
"chr10_50220398_G_C" 0 0 0 7
"chr10_52835478_A_T" 0 0 0 5
"chr10_54275047_C_T" 0 0 0 6
"chr10_54470812_G_A" 0 8 0 0
"chr10_55210922_G_A" 0 0 8 0
"chr10_55394573_A_T" 0 0 0 6
"chr10_55754488_A_G" 0 14 0 0
"chr10_56064189_C_T" 0 9 0 0
"chr10_56273667_C_T" 0 0 0 6
"chr10_56621647_G_A" 0 12 0 0
"chr10_57595195_A_T" 0 0 9 0
"chr10_60282644_G_A" 1 0 10 0
"chr10_62986561_G_A" 0 0 4 0
"chr10_6319031_A_T" 0 0 9 0
"chr10_64316665_G_A" 0 0 9 0
"chr10_64413281_A_T" 0 0 7 0
"chr10_7076404_C_T" 0 10 0 0
"chr10_70817643_C_T" 0 14 0 0
"chr10_71563905_C_T" 0 0 0 9
"chr10_7313731_G_A" 0 0 0 7
"chr10_76821432_G_C" 0 5 0 0
"chr10_80328923_C_T" 0 5 0 0
"chr10_80348977_C_T" 0 11 0 0
"chr10_81876199_C_T" 0 9 0 0
"chr10_83396678_C_A" 0 0 0 12
"chr10_83751899_C_T" 0 0 0 13
"chr10_84104167_G_T" 0 0 4 0
"chr10_84800789_C_T" 0 0 6 0
"chr10_8561365_G_A" 0 11 0 0
"chr10_8751375_C_A" 0 0 0 9
"chr10_9109293_T_A" 0 11 0 0
"chr10_9246301_G_C" 0 0 11 0
"chr10_94454025_G_A" 5 0 0 0
"chr10_95985574_C_T" 0 0 0 6
"chr10_96350710_T_A" 0 14 0 0
"chr11_100799335_A_T" 0 12 0 0
"chr11_105502071_A_G" 0 0 0 6
"chr11_105694735_G_T" 0 5 0 0
"chr11_107475670_C_T" 0 0 0 9
"chr11_111653818_G_T" 0 0 0 6
"chr11_113234126_G_T" 0 4 0 0
"chr11_113342447_A_T" 0 0 0 10
"chr11_119445718_A_T" 0 0 0 5
"chr11_123140733_C_G" 0 0 6 0
"chr11_123373314_G_A" 0 0 4 0
"chr11_127095566_G_T" 0 0 0 7
"chr11_127613012_C_G" 0 8 0 0
"chr11_131824979_G_A" 0 0 0 11
"chr11_131895114_C_T" 0 13 0 1
"chr11_133000340_C_T" 0 13 0 0
"chr11_133435413_A_T" 0 7 0 0
"chr11_16679861_T_A" 0 0 0 5
"chr11_19418555_T_C" 0 0 0 6
"chr11_21055468_A_G" 0 0 11 0
"chr11_22692447_C_A" 0 4 0 0
"chr11_25687749_A_T" 0 0 0 13
"chr11_29178589_G_A" 0 0 0 5
"chr11_30434080_G_A" 0 0 0 7
"chr11_32537172_G_A" 0 0 4 0
"chr11_3528802_A_C" 0 0 4 0
"chr11_37040012_T_C" 0 0 0 7
"chr11_37549315_G_T" 0 0 0 7
"chr11_37977252_C_T" 0 0 0 8
"chr11_38544593_G_A" 0 0 8 0
"chr11_40694075_T_A" 0 0 0 8
"chr11_41217380_T_A" 0 6 0 0
"chr11_41533520_A_G" 0 0 4 0
"chr11_41576452_C_T" 0 0 10 0
"chr11_42095145_C_T" 0 0 0 6
"chr11_42918550_G_T" 0 5 0 0
"chr11_43758603_G_A" 0 5 0 0
"chr11_44461296_C_T" 1 0 8 0
"chr11_46794517_C_T" 0 0 8 0
"chr11_48369956_G_T" 0 0 0 10
"chr11_48905855_C_A" 0 7 0 0
"chr11_49040988_G_T" 0 0 0 11
"chr11_50636962_T_A" 0 7 0 0
"chr11_527310_T_A" 0 4 0 0
"chr11_5291101_A_G" 0 0 0 14
"chr11_54728401_C_A" 0 8 0 0
"chr11_55852477_G_A" 0 0 7 0
"chr11_56451838_C_T" 0 0 0 8
"chr11_58581110_T_A" 0 7 0 0
"chr11_59360899_A_T" 0 0 9 0
"chr11_59389164_G_T" 0 6 0 0
"chr11_60573603_C_A" 0 0 0 11
"chr11_62838245_C_T" 0 6 0 0
"chr11_63810272_T_A" 0 4 0 0
"chr11_71381613_G_A" 0 0 8 0
"chr11_79197753_C_T" 0 0 0 6
"chr11_81188728_C_T" 0 0 5 0
"chr11_81763159_G_A" 0 0 0 8
"chr11_81874320_C_A" 0 11 0 0
"chr11_81948066_C_T" 0 9 0 0
"chr11_82003040_C_T" 0 0 0 7
"chr11_84348146_T_A" 0 1 7 0
"chr11_88096453_C_T" 0 0 0 10
"chr11_88374213_C_T" 0 7 0 0
"chr11_88516643_C_A" 0 10 0 0
"chr11_92565408_C_A" 0 0 0 5
"chr11_94340516_T_A" 0 0 6 0
"chr11_94694151_G_A" 0 0 10 0
"chr11_95837118_G_A" 0 0 0 7
"chr11_97529478_G_T" 0 0 0 11
"chr11_98713747_T_A" 0 10 0 0
"chr11_99416924_C_A" 0 5 0 0
"chr11_99423971_A_G" 0 0 0 9
"chr11_99845921_T_A" 0 0 0 13
"chr11_99965029_C_T" 0 0 0 11
"chr12_103715463_A_T" 0 0 0 14
"chr12_106491598_A_T" 0 0 0 6
"chr12_108235901_G_A" 0 6 0 0
"chr12_11026163_G_A" 0 0 7 0
"chr12_110749099_G_C" 0 11 0 0
"chr12_110905269_G_A" 0 7 0 0
"chr12_113572142_G_C" 0 4 0 0
"chr12_117962527_C_A" 0 0 0 4
"chr12_123917629_C_T" 0 0 0 5
"chr12_124770383_G_T" 0 0 0 4
"chr12_127037681_C_A" 0 0 0 8
"chr12_127826515_C_T" 0 0 10 0
"chr12_128593535_T_A" 0 0 6 0
"chr12_128593536_C_T" 0 0 6 0
"chr12_129273597_C_T" 0 0 0 11
"chr12_129476116_C_T" 0 0 12 0
"chr12_130376201_C_T" 0 0 9 0
"chr12_131308334_C_T" 0 7 0 0
"chr12_131675518_C_T" 0 0 8 0
"chr12_17005312_G_A" 0 0 0 11
"chr12_17439644_C_A" 0 0 0 11
"chr12_23567614_C_T" 0 0 0 7
"chr12_25851025_G_T" 0 0 0 9
"chr12_3027933_T_A" 0 15 0 0
"chr12_3147457_C_T" 0 0 0 4
"chr12_33555735_C_T" 0 0 0 14
"chr12_3358924_C_T" 0 0 6 0
"chr12_3468595_T_C" 0 0 5 0
"chr12_38085806_C_T" 0 5 0 0
"chr12_38282635_G_A" 0 0 0 11
"chr12_38677403_G_C" 0 0 5 0
"chr12_48637286_G_A" 0 9 0 0
"chr12_49673619_T_G" 0 0 0 6
"chr12_50459502_T_A" 0 0 7 0
"chr12_5287480_C_T" 0 0 5 0
"chr12_55233065_T_A" 0 0 14 0
"chr12_57726630_G_A" 0 0 0 4
"chr12_59202169_G_T" 1 0 0 7
"chr12_60547050_G_A" 0 7 0 0
"chr12_60554629_C_T" 0 7 0 0
"chr12_63589357_C_A" 0 0 0 5
"chr12_65048199_G_A" 0 0 0 5
"chr12_66294011_C_T" 0 0 4 0
"chr12_71853108_G_A" 0 0 0 5
"chr12_72640371_G_A" 0 0 0 4
"chr12_72822423_T_A" 1 0 0 6
"chr12_73203306_C_T" 0 0 4 0
"chr12_73388645_A_C" 0 11 0 0
"chr12_73513954_T_G" 0 5 0 0
"chr12_7520428_G_A" 1 1 20 0
"chr12_75602352_C_T" 0 16 0 0
"chr12_76086434_A_G" 0 0 0 12
"chr12_77358234_C_T" 0 18 0 0
"chr12_77364925_G_T" 0 0 11 0
"chr12_78223763_G_A" 0 0 0 8
"chr12_791561_T_A" 4 0 0 0
"chr12_79788429_G_C" 0 0 0 12
"chr12_7983159_G_T" 0 0 4 0
"chr12_80795740_G_A" 0 0 0 6
"chr12_81283143_T_C" 0 9 2 0
"chr12_82155993_C_T" 0 0 0 4
"chr12_83964710_A_G" 0 0 0 7
"chr12_84032387_G_C" 0 0 0 7
"chr12_86027295_G_A" 0 0 6 0
"chr12_86620902_T_C" 0 0 6 0
"chr12_86779057_G_T" 0 4 0 0
"chr12_94492789_G_A" 0 9 0 0
"chr12_96408732_G_A" 0 7 0 0
"chr12_97317078_A_G" 0 9 0 0
"chr12_99068287_C_T" 0 11 0 0
"chr13_103694680_C_T" 0 9 0 0
"chr13_105383561_G_A" 0 0 0 11
"chr13_107358069_C_T" 0 0 0 11
"chr13_107508860_A_T" 0 0 6 0
"chr13_107581063_G_C" 0 8 0 0
"chr13_107618866_A_C" 0 0 0 13
"chr13_110087778_C_G" 0 8 0 0
"chr13_110736188_C_T" 0 0 7 0
"chr13_112733251_G_A" 0 0 0 10
"chr13_18193012_G_T" 0 4 0 0
"chr13_18861787_G_T" 0 0 0 11
"chr13_19517830_C_A" 0 11 0 0
"chr13_20385836_G_A" 0 0 4 0
"chr13_26160859_G_T" 0 0 7 0
"chr13_29627678_A_G" 0 1 7 0
"chr13_31354467_T_C" 0 9 0 0
"chr13_32132929_C_G" 0 0 7 0
"chr13_33647018_T_C" 0 0 0 8
"chr13_35348193_A_G" 0 0 8 0
"chr13_35774635_C_T" 0 0 0 11
"chr13_36097196_C_A" 0 0 4 0
"chr13_39252912_G_A" 0 11 0 0
"chr13_39904911_G_A" 0 7 0 0
"chr13_45655162_C_T" 0 0 0 6
"chr13_46915756_A_G" 0 0 6 0
"chr13_47715053_G_A" 0 0 4 0
"chr13_53988305_G_A" 0 5 0 0
"chr13_55666258_G_A" 0 0 0 14
"chr13_56912267_C_T" 0 0 16 0
"chr13_58385465_G_T" 0 0 8 0
"chr13_59861757_C_T" 0 6 0 0
"chr13_60865660_C_T" 0 0 2 11
"chr13_64019679_C_T" 0 0 16 1
"chr13_64841927_C_A" 0 0 9 0
"chr13_64869424_C_T" 0 9 0 0
"chr13_64966870_C_T" 0 8 0 0
"chr13_65440532_A_T" 0 0 0 9
"chr13_65894670_G_A" 0 0 10 0
"chr13_67592705_A_G" 0 6 0 0
"chr13_68100018_C_T" 0 0 4 0
"chr13_70699563_C_T" 0 8 0 0
"chr13_71421314_A_G" 0 0 7 0
"chr13_71664722_A_C" 0 0 0 9
"chr13_73481154_C_A" 0 12 0 0
"chr13_74818809_T_C" 0 0 0 8
"chr13_74976983_G_A" 0 8 0 0
"chr13_76020869_A_T" 0 6 0 0
"chr13_76180890_G_A" 1 0 0 22
"chr13_77566868_C_A" 0 13 0 0
"chr13_77955164_C_T" 0 0 0 13
"chr13_78248201_T_C" 1 0 0 8
"chr13_80444971_G_A" 0 0 0 6
"chr13_82486171_C_T" 0 0 0 5
"chr13_82878252_A_T" 0 6 0 0
"chr13_82883023_G_T" 0 0 0 6
"chr13_83226417_A_T" 0 7 0 0
"chr13_84252935_C_T" 0 0 0 6
"chr13_84856320_C_T" 0 0 0 4
"chr13_87365574_T_C" 0 7 0 0
"chr13_89576898_A_G" 0 9 0 0
"chr13_91569893_G_A" 0 0 0 6
"chr13_91886983_G_A" 0 0 7 2
"chr13_94665939_C_A" 0 0 0 9
"chr13_99036614_T_G" 0 0 0 9
"chr13_99405269_G_C" 5 0 0 0
"chr14_102732487_C_T" 0 0 0 8
"chr14_103327863_A_G" 0 0 9 0
"chr14_104390135_G_A" 0 0 0 5
"chr14_105428879_C_G" 0 0 0 5
"chr14_19414470_T_C" 0 0 0 4
"chr14_22380602_T_A" 4 0 0 0
"chr14_23286032_C_A" 0 0 0 8
"chr14_24558480_C_T" 0 0 0 4
"chr14_24954378_G_C" 0 0 5 0
"chr14_26189408_C_T" 0 0 12 0
"chr14_26357712_T_C" 0 4 0 0
"chr14_28018165_C_A" 0 0 6 0
"chr14_28188258_T_C" 0 0 0 11
"chr14_29477150_A_G" 0 0 5 0
"chr14_30640684_T_G" 0 0 15 0
"chr14_30684052_A_G" 0 14 0 0
"chr14_32631730_G_A" 0 0 9 0
"chr14_33203397_T_A" 0 0 4 0
"chr14_38452247_A_C" 0 0 11 0
"chr14_38794397_C_T" 0 0 13 0
"chr14_41289406_C_T" 0 9 0 0
"chr14_42181757_C_T" 0 0 0 4
"chr14_42206093_G_T" 0 0 4 0
"chr14_43374777_A_T" 0 0 7 0
"chr14_43992483_C_T" 0 11 0 0
"chr14_44192203_C_A" 0 7 0 0
"chr14_45605349_A_G" 0 6 0 0
"chr14_46106443_C_T" 0 0 13 0
"chr14_47289247_G_T" 0 0 11 0
"chr14_48119752_C_T" 0 8 0 0
"chr14_49719509_A_T" 0 0 4 0
"chr14_53338363_G_A" 0 0 8 0
"chr14_55521514_C_T" 0 0 6 0
"chr14_55592572_A_T" 0 0 0 8
"chr14_56649474_T_A" 4 0 0 0
"chr14_58858559_C_T" 0 8 0 0
"chr14_61604407_G_C" 0 14 0 0
"chr14_64325982_T_A" 0 0 4 0
"chr14_67137065_G_A" 0 16 0 0
"chr14_71472218_G_T" 0 0 0 8
"chr14_71572897_A_T" 0 0 15 0
"chr14_72805574_G_A" 0 9 0 0
"chr14_75002199_T_A" 0 0 5 0
"chr14_78044178_C_T" 0 14 0 0
"chr14_78822212_A_T" 0 0 5 0
"chr14_81671185_T_A" 0 7 0 0
"chr14_81918622_C_T" 0 15 0 0
"chr14_81922479_C_T" 0 11 0 0
"chr14_82840836_T_C" 0 5 0 0
"chr14_83798911_A_T" 0 10 0 0
"chr14_83826065_C_T" 0 0 11 0
"chr14_87130072_C_T" 0 0 0 7
"chr14_90216713_A_G" 0 0 0 10
"chr14_91045439_T_A" 0 0 0 6
"chr14_93271615_A_C" 0 0 10 0
"chr14_93374822_C_T" 0 4 0 0
"chr14_94724907_T_C" 0 0 8 0
"chr14_96418168_A_T" 4 0 0 0
"chr14_97215251_C_T" 0 0 5 0
"chr14_98512308_G_T" 0 0 0 15
"chr14_98743653_G_A" 0 6 0 0
"chr14_99163365_C_T" 0 0 0 12
"chr15_23225908_G_T" 0 4 0 0
"chr15_23456687_G_A" 0 0 12 0
"chr15_24042337_T_C" 0 14 0 0
"chr15_25271955_C_T" 0 0 0 5
"chr15_27036421_G_A" 0 0 0 9
"chr15_27679736_G_A" 0 0 0 5
"chr15_28003263_C_T" 0 11 0 0
"chr15_28702974_G_A" 0 5 0 0
"chr15_29261034_G_A" 0 0 14 0
"chr15_29988544_C_T" 0 5 0 0
"chr15_30014267_G_A" 0 0 0 7
"chr15_31814333_G_A" 0 0 0 8
"chr15_32725851_G_A" 0 0 11 0
"chr15_34096739_G_T" 0 0 4 0
"chr15_35302594_T_A" 0 0 0 7
"chr15_36332101_G_A" 0 0 0 7
"chr15_36362061_A_G" 0 9 0 0
"chr15_38140124_G_C" 5 0 0 0
"chr15_39221319_T_C" 0 0 0 8
"chr15_46263417_G_A" 0 0 0 4
"chr15_48130086_C_T" 0 0 0 10
"chr15_49459169_A_G" 0 0 12 0
"chr15_52842693_G_A" 0 0 10 0
"chr15_52989567_G_A" 0 0 7 0
"chr15_54765931_C_A" 0 16 0 0
"chr15_56529532_G_A" 0 0 0 9
"chr15_56795536_G_A" 0 7 0 0
"chr15_58200718_C_T" 0 4 0 0
"chr15_60981424_C_T" 0 7 0 0
"chr15_62240625_T_C" 0 0 0 12
"chr15_65298902_T_G" 0 11 0 0
"chr15_73891439_C_T" 0 0 15 0
"chr15_74703106_G_A" 0 0 4 0
"chr15_76051250_C_T" 0 5 0 0
"chr15_81629659_T_A" 0 7 0 0
"chr15_83562353_G_T" 0 0 5 0
"chr15_86401402_T_C" 0 0 0 11
"chr15_86693091_C_T" 0 0 5 0
"chr15_87156074_C_T" 0 0 6 0
"chr15_87940602_C_T" 0 13 0 0
"chr15_91371317_A_T" 0 0 7 0
"chr15_97869429_G_A" 0 0 0 4
"chr15_98395346_C_T" 0 0 0 9
"chr16_13379595_C_T" 0 11 0 0
"chr16_13804499_G_A" 0 0 10 0
"chr16_17594092_G_A" 0 0 0 7
"chr16_17618998_G_A" 0 0 0 5
"chr16_18030502_C_T" 0 0 0 7
"chr16_2306968_T_C" 0 0 5 0
"chr16_24450608_C_T" 0 7 0 0
"chr16_34648288_C_A" 0 8 0 0
"chr16_34915311_G_A" 0 0 0 8
"chr16_34949317_C_T" 0 0 0 24
"chr16_35122210_C_T" 0 5 0 0
"chr16_36104137_C_T" 0 9 0 0
"chr16_36180978_G_T" 0 0 6 0
"chr16_3737528_C_T" 0 0 0 7
"chr16_46505627_C_A" 0 0 0 9
"chr16_46508463_G_T" 0 0 0 6
"chr16_51267967_G_C" 0 0 6 0
"chr16_51580772_C_A" 0 7 0 0
"chr16_52002225_A_G" 0 0 6 0
"chr16_52744397_C_A" 0 0 12 0
"chr16_548909_C_T" 0 19 0 0
"chr16_5899797_G_A" 0 0 12 0
"chr16_60338832_G_A" 0 6 0 0
"chr16_61141983_C_T" 0 0 0 9
"chr16_61250268_G_A" 0 0 7 0
"chr16_62181576_C_T" 0 6 0 0
"chr16_62508193_C_A" 0 0 0 13
"chr16_62591382_T_A" 0 0 7 0
"chr16_62598783_G_A" 0 0 0 9
"chr16_6285073_C_T" 0 6 0 0
"chr16_63804251_G_A" 0 0 0 9
"chr16_64110395_T_G" 0 0 0 5
"chr16_6479747_A_T" 0 0 0 7
"chr16_66067185_C_T" 0 0 0 5
"chr16_7052779_C_A" 0 0 7 0
"chr16_71051624_C_T" 0 0 0 4
"chr16_71687525_C_T" 0 7 0 0
"chr16_7385628_G_A" 0 0 6 0
"chr16_7503272_C_T" 0 0 0 7
"chr16_77869233_G_A" 1 9 0 0
"chr16_8095919_C_T" 0 0 0 7
"chr16_82732272_A_T" 0 6 0 0
"chr16_85715567_C_T" 0 0 7 0
"chr16_86478568_G_A" 0 0 0 6
"chr16_86880507_G_A" 0 0 0 7
"chr16_87027440_G_A" 0 0 0 9
"chr16_89018921_C_T" 0 0 0 10
"chr16_9548245_C_T" 0 0 7 0
"chr17_10268479_G_A" 0 0 0 12
"chr17_10952276_G_C" 0 0 5 0
"chr17_14607927_T_G" 0 0 0 9
"chr17_14686842_A_G" 0 0 0 6
"chr17_1765143_C_T" 4 0 0 0
"chr17_18166894_A_G" 0 0 8 0
"chr17_21708011_T_C" 0 10 0 0
"chr17_22318588_G_T" 0 7 0 0
"chr17_2821541_A_T" 0 0 4 0
"chr17_29667136_G_C" 0 0 0 6
"chr17_29836941_C_T" 0 0 0 7
"chr17_33925999_A_G" 0 0 5 0
"chr17_3487331_C_A" 0 0 0 13
"chr17_37240861_G_A" 0 0 0 7
"chr17_40104662_A_T" 0 0 0 5
"chr17_41188613_G_A" 0 0 0 6
"chr17_43982927_T_C" 0 11 0 0
"chr17_4431763_T_C" 0 8 0 0
"chr17_48991461_T_A" 0 0 1 5
"chr17_49209556_C_A" 0 8 0 0
"chr17_51496312_T_C" 0 0 0 6
"chr17_53363886_T_C" 0 9 0 0
"chr17_53550851_G_A" 0 0 0 9
"chr17_53596547_G_T" 0 20 0 0
"chr17_59469543_T_C" 0 0 6 0
"chr17_60192597_G_A" 0 0 14 0
"chr17_6356572_C_A" 0 0 0 7
"chr17_64247868_A_G" 0 0 0 5
"chr17_65240972_C_A" 0 0 0 8
"chr17_676809_G_A" 0 0 0 11
"chr17_71195705_G_A" 0 0 5 0
"chr17_71415065_A_G" 0 0 9 0
"chr17_72158292_T_G" 0 5 0 0
"chr17_72845051_C_A" 0 0 4 0
"chr17_74134373_A_C" 0 0 0 5
"chr17_77719810_C_T" 0 5 0 0
"chr17_77927766_G_A" 0 12 0 0
"chr17_78599440_G_T" 0 0 0 6
"chr17_78610429_G_T" 0 22 0 0
"chr17_80346903_C_T" 0 12 0 0
"chr17_8887731_G_A" 0 0 0 7
"chr17_9022233_G_C" 0 1 15 0
"chr18_14522537_C_T" 0 0 0 11
"chr18_14878277_G_A" 0 4 0 0
"chr18_22159639_C_T" 0 9 0 0
"chr18_23736338_T_C" 0 0 0 6
"chr18_24906393_C_A" 1 7 0 0
"chr18_25689501_T_C" 0 9 0 0
"chr18_26993643_G_A" 0 7 0 0
"chr18_27284286_C_T" 0 0 0 6
"chr18_27539522_A_T" 4 0 0 0
"chr18_27586061_G_A" 0 0 0 5
"chr18_27626120_A_C" 0 0 14 0
"chr18_29171072_G_A" 0 0 4 0
"chr18_29706906_C_A" 0 0 0 14
"chr18_30206561_G_T" 0 0 0 5
"chr18_32033969_T_A" 0 0 4 2
"chr18_32143058_C_A" 0 4 0 0
"chr18_33960838_T_C" 0 0 0 13
"chr18_36325597_C_T" 0 0 0 8
"chr18_36548061_G_A" 0 0 0 4
"chr18_38718998_A_T" 6 0 0 0
"chr18_38813982_C_T" 0 0 0 9
"chr18_40002333_C_A" 0 0 6 0
"chr18_40339446_A_G" 0 0 0 9
"chr18_44578674_T_C" 0 0 6 0
"chr18_46200367_G_A" 0 0 0 6
"chr18_48780582_C_G" 0 0 0 8
"chr18_50550719_C_T" 0 17 0 0
"chr18_51773748_T_A" 0 8 0 0
"chr18_52135347_G_A" 0 0 0 6
"chr18_52331915_C_T" 0 0 0 7
"chr18_5392293_G_A" 0 0 0 9
"chr18_5614753_G_A" 0 0 0 13
"chr18_5719272_A_T" 0 0 0 4
"chr18_59132495_G_T" 0 5 0 0
"chr18_65282230_G_T" 0 5 0 0
"chr18_6792571_C_T" 0 0 0 6
"chr18_68065255_G_T" 0 4 0 0
"chr18_6807210_C_T" 0 0 0 9
"chr18_68548789_C_T" 0 0 0 11
"chr18_68840396_C_T" 0 5 0 0
"chr18_6908551_T_G" 0 0 0 11
"chr18_71208829_C_A" 4 0 0 0
"chr18_71392362_G_A" 0 0 0 5
"chr18_71853588_A_T" 0 0 0 9
"chr18_72517924_G_A" 0 0 0 15
"chr18_72717166_C_T" 0 12 0 0
"chr18_74964205_G_T" 0 0 5 0
"chr18_76173199_C_T" 0 0 9 0
"chr18_77343691_G_T" 0 0 0 11
"chr18_80040133_G_T" 0 0 0 8
"chr18_9249900_T_A" 0 9 0 0
"chr19_1058443_A_T" 0 0 5 0
"chr19_12800212_G_A" 0 7 0 0
"chr19_12827950_G_A" 0 9 0 0
"chr19_13691036_A_G" 0 0 0 7
"chr19_14782876_C_T" 0 0 0 8
"chr19_16115507_C_T" 0 0 0 7
"chr19_22305188_G_A" 0 15 0 0
"chr19_22577027_T_A" 0 11 0 0
"chr19_23016258_G_A" 0 0 4 0
"chr19_23062202_C_T" 0 0 0 13
"chr19_2641184_C_T" 0 0 0 6
"chr19_28486585_G_A" 0 0 5 0
"chr19_28607704_G_A" 0 0 0 7
"chr19_29283321_C_G" 0 0 0 8
"chr19_2937634_G_C" 0 1 13 0
"chr19_30844603_T_C" 0 0 0 7
"chr19_31370354_G_A" 0 6 0 0
"chr19_33072304_G_T" 0 0 6 0
"chr19_33859433_T_A" 0 5 3 1
"chr19_36213407_C_T" 0 10 0 0
"chr19_38088302_T_G" 0 0 13 0
"chr19_40367019_G_C" 0 0 11 0
"chr19_44843461_G_T" 0 0 5 0
"chr19_46095743_G_T" 0 0 0 22
"chr19_48221079_A_T" 0 0 6 0
"chr19_48410784_G_T" 0 0 0 5
"chr19_49528958_G_A" 0 7 0 0
"chr19_50544035_G_A" 0 0 15 0
"chr19_52103348_C_T" 0 0 0 7
"chr19_55642886_C_T" 0 0 0 7
"chr19_57063398_G_A" 0 14 1 0
"chr19_58381053_C_T" 0 0 0 4
"chr19_8382183_G_A" 0 5 0 0
"chr19_9011942_C_A" 0 0 0 5
"chr19_9452847_G_A" 0 0 0 5
"chr2_103438903_G_A" 0 0 1 8
"chr2_105648329_T_A" 0 0 4 0
"chr2_107357986_C_T" 0 0 0 7
"chr2_114347624_C_T" 0 0 0 7
"chr2_114926493_G_T" 0 0 0 11
"chr2_116123499_G_T" 0 0 0 8
"chr2_116722797_G_A" 1 5 0 0
"chr2_117468813_C_A" 0 0 0 14
"chr2_117497802_G_A" 0 10 0 0
"chr2_12038705_G_A" 1 0 7 0
"chr2_125627195_T_A" 0 0 0 9
"chr2_126493924_C_A" 0 0 6 0
"chr2_12783017_G_A" 0 0 6 0
"chr2_12891676_G_A" 0 0 0 8
"chr2_133203288_C_T" 0 0 0 7
"chr2_133978904_T_G" 0 12 0 0
"chr2_135924917_C_G" 0 4 0 0
"chr2_136686749_T_A" 0 4 0 0
"chr2_137276354_T_C" 0 19 0 0
"chr2_140040759_C_T" 0 0 0 10
"chr2_143000209_G_A" 0 0 0 10
"chr2_143281996_C_A" 0 0 4 0
"chr2_143506498_A_G" 0 0 4 0
"chr2_143633268_A_G" 0 4 0 0
"chr2_146002796_T_A" 0 0 8 0
"chr2_146336804_T_A" 0 0 0 8
"chr2_148595641_G_A" 0 0 5 0
"chr2_151054331_G_A" 0 0 0 8
"chr2_153180904_G_A" 0 0 0 7
"chr2_153250647_G_C" 0 0 7 0
"chr2_153331008_A_G" 0 0 0 8
"chr2_153499891_C_T" 0 0 8 0
"chr2_153523946_T_G" 0 6 0 0
"chr2_155401839_C_A" 0 0 0 13
"chr2_1563837_C_T" 0 8 0 0
"chr2_156961756_A_T" 0 0 0 5
"chr2_161705585_C_T" 0 0 15 0
"chr2_161749318_G_C" 0 0 0 10
"chr2_163426017_G_A" 0 0 0 6
"chr2_164235606_T_G" 0 12 0 0
"chr2_166469282_C_T" 0 0 0 7
"chr2_166749899_C_T" 0 0 0 9
"chr2_166870675_G_T" 0 5 0 0
"chr2_167605282_G_A" 0 0 11 0
"chr2_16846485_C_A" 4 0 0 0
"chr2_170298918_A_G" 0 13 0 0
"chr2_174894918_T_A" 0 0 6 0
"chr2_175638364_G_A" 0 0 0 11
"chr2_180028103_G_A" 0 0 5 0
"chr2_183086148_T_C" 0 0 0 7
"chr2_184855619_C_T" 5 1 0 0
"chr2_19320988_G_T" 1 0 12 0
"chr2_193916568_A_G" 0 9 0 0
"chr2_196131929_C_T" 0 11 0 0
"chr2_207236089_G_C" 0 7 0 0
"chr2_208283370_A_G" 0 0 5 0
"chr2_209883576_G_A" 0 6 0 0
"chr2_213960989_C_T" 1 0 9 0
"chr2_214473993_G_T" 0 0 0 10
"chr2_214666408_A_T" 0 0 17 0
"chr2_215039112_G_A" 0 0 0 9
"chr2_216077187_C_T" 0 0 0 11
"chr2_217204349_G_A" 0 8 0 0
"chr2_217553363_G_A" 0 5 1 0
"chr2_218452853_G_C" 0 0 4 0
"chr2_218972377_C_T" 0 0 0 7
"chr2_221415192_C_T" 0 7 0 0
"chr2_222705252_T_A" 0 4 0 0
"chr2_22371820_G_A" 0 5 0 0
"chr2_224676814_G_A" 0 0 12 0
"chr2_22554180_G_C" 0 0 0 10
"chr2_227108388_A_T" 0 10 0 0
"chr2_228284966_C_T" 0 0 0 11
"chr2_228915996_G_A" 0 0 0 7
"chr2_229435621_C_A" 0 0 4 0
"chr2_230570714_C_T" 0 17 0 0
"chr2_232123283_G_A" 0 4 0 0
"chr2_234068188_T_C" 0 0 0 7
"chr2_234760638_A_T" 0 0 0 6
"chr2_236286516_C_T" 0 0 18 0
"chr2_237540393_G_A" 0 0 14 0
"chr2_237919358_G_A" 0 9 0 0
"chr2_2381649_G_A" 0 0 0 12
"chr2_24707434_A_G" 0 0 0 6
"chr2_25464078_A_G" 0 0 5 1
"chr2_25913695_G_T" 0 0 0 15
"chr2_2976381_C_T" 0 0 0 7
"chr2_34609441_G_A" 0 5 0 0
"chr2_35623490_C_T" 0 0 4 0
"chr2_36068424_T_A" 0 11 0 0
"chr2_38989405_T_C" 0 8 0 0
"chr2_47603299_T_C" 0 0 0 12
"chr2_47652263_G_A" 1 0 11 0
"chr2_50694021_G_A" 0 0 0 7
"chr2_50779629_G_A" 0 5 0 0
"chr2_50977419_T_C" 0 7 0 0
"chr2_52622755_G_A" 0 0 6 0
"chr2_52765471_C_T" 0 0 5 0
"chr2_55715617_G_A" 0 0 8 0
"chr2_56282342_C_T" 0 0 6 0
"chr2_57209832_G_A" 0 0 0 12
"chr2_57825241_G_A" 0 0 8 0
"chr2_58045385_C_G" 0 6 0 0
"chr2_62609664_T_A" 0 0 0 9
"chr2_64096981_T_G" 0 6 0 0
"chr2_64774073_T_C" 0 0 8 0
"chr2_6506514_C_A" 0 0 0 10
"chr2_66136546_C_T" 0 5 0 0
"chr2_7125947_T_C" 0 0 6 0
"chr2_72348761_G_A" 0 4 0 0
"chr2_77082627_G_A" 0 0 0 11
"chr2_7838030_T_G" 0 11 0 0
"chr2_79572286_C_T" 0 0 0 11
"chr2_80288829_T_A" 0 0 0 4
"chr2_80705100_C_T" 0 0 0 4
"chr2_82668876_A_G" 0 0 0 14
"chr2_83344273_T_C" 0 0 0 10
"chr2_96379196_G_A" 0 0 21 0
"chr2_9765772_C_T" 0 0 10 0
"chr2_97994488_G_A" 0 0 0 5
"chr20_10315633_A_G" 1 0 13 1
"chr20_11744610_C_T" 0 0 8 0
"chr20_12357899_C_G" 0 4 0 0
"chr20_14343146_G_A" 3 0 0 13
"chr20_14424271_G_A" 0 0 0 16
"chr20_15603086_C_T" 0 0 4 0
"chr20_21101496_A_G" 0 4 0 0
"chr20_21720656_C_G" 0 0 4 0
"chr20_32602200_G_A" 0 0 0 6
"chr20_34488161_T_A" 0 0 7 0
"chr20_34681372_G_A" 0 0 0 4
"chr20_35486408_A_T" 4 0 0 0
"chr20_37625784_C_T" 0 0 0 5
"chr20_38468078_G_A" 0 18 0 0
"chr20_39400786_T_G" 0 10 0 0
"chr20_40038410_C_T" 0 0 9 0
"chr20_42228414_C_T" 0 0 14 0
"chr20_43279311_C_T" 0 0 0 5
"chr20_43374609_G_A" 0 8 0 0
"chr20_43405374_A_G" 0 0 5 0
"chr20_44865200_G_T" 0 0 0 8
"chr20_47229479_T_C" 0 1 6 0
"chr20_47258891_A_G" 0 0 4 0
"chr20_49739591_G_T" 0 0 4 0
"chr20_51950391_T_C" 0 13 0 0
"chr20_52482290_T_C" 0 0 0 6
"chr20_54975351_G_A" 0 0 0 4
"chr20_54986830_T_G" 0 0 0 6
"chr20_55618713_G_A" 0 0 11 0
"chr20_55834758_G_A" 0 0 0 6
"chr20_56523400_A_G" 0 0 0 17
"chr20_57320159_C_T" 0 0 11 0
"chr20_59003650_T_C" 0 0 16 0
"chr20_59427336_A_C" 0 0 0 7
"chr20_60826577_A_G" 0 0 0 11
"chr20_9665934_C_A" 0 0 0 9
"chr20_9955818_G_T" 0 1 4 0
"chr21_10012486_C_A" 0 0 0 13
"chr21_14195440_T_C" 0 0 0 13
"chr21_14244949_T_G" 0 9 0 0
"chr21_18024941_C_T" 0 0 0 12
"chr21_22993497_G_A" 0 0 0 8
"chr21_23069080_G_A" 0 0 0 5
"chr21_23382754_C_T" 0 0 0 12
"chr21_24051522_G_T" 0 0 0 4
"chr21_24078391_C_T" 0 0 9 0
"chr21_25317231_C_T" 0 0 0 9
"chr21_30822280_C_A" 0 10 0 0
"chr21_32617059_G_A" 0 9 0 0
"chr21_33099468_G_T" 0 8 0 0
"chr21_33433345_A_G" 0 0 9 0
"chr21_34618782_G_A" 0 0 7 0
"chr21_40650523_C_T" 0 10 0 0
"chr21_41011128_C_T" 0 0 4 0
"chr21_45560434_C_T" 0 0 0 4
"chr21_8686882_C_T" 0 0 0 9
"chr21_9919025_G_T" 0 0 0 9
"chr21_9957537_G_T" 0 0 0 13
"chr22_16713032_C_T" 0 0 5 1
"chr22_24188309_G_A" 0 0 0 6
"chr22_26756491_C_A" 0 0 0 4
"chr22_27176983_A_T" 0 5 0 0
"chr22_27880725_C_A" 0 0 0 5
"chr22_29170300_G_A" 0 0 0 5
"chr22_31382130_C_T" 0 0 13 0
"chr22_35312245_A_C" 0 0 4 0
"chr22_37691439_G_T" 0 0 5 0
"chr22_40637292_A_G" 0 0 6 0
"chr22_44109974_G_A" 0 0 7 0
"chr22_45716520_G_T" 0 4 0 0
"chr22_47625893_C_T" 0 10 0 0
"chr22_47657472_G_T" 0 0 17 0
"chr22_48084878_G_A" 0 0 18 0
"chr22_48755064_C_G" 0 0 0 9
"chr22_49043485_G_A" 0 0 10 0
"chr22_49048684_C_T" 0 7 0 0
"chr22_49489422_C_T" 0 0 0 7
"chr22_50741495_G_T" 0 0 0 6
"chr3_101421309_T_C" 0 0 0 8
"chr3_102511641_G_A" 0 19 0 0
"chr3_104501115_A_G" 0 0 4 0
"chr3_10816622_G_T" 0 8 0 0
"chr3_109545437_T_A" 0 7 0 0
"chr3_109860856_G_A" 0 0 0 9
"chr3_110821781_T_C" 0 0 0 5
"chr3_116368822_G_T" 0 0 0 9
"chr3_116733035_T_G" 1 7 0 0
"chr3_118657619_G_A" 0 0 0 8
"chr3_123441270_G_A" 0 0 5 0
"chr3_127238893_G_A" 0 0 12 0
"chr3_127499017_C_T" 0 0 6 0
"chr3_128334450_G_A" 0 7 0 0
"chr3_129213494_G_A" 0 9 0 0
"chr3_131996897_A_T" 0 0 5 0
"chr3_134588432_A_T" 4 0 0 0
"chr3_13719507_G_T" 0 0 0 8
"chr3_137755004_G_C" 0 0 5 0
"chr3_13928557_G_A" 0 0 13 0
"chr3_142894309_T_A" 1 0 0 6
"chr3_144137814_G_A" 1 10 0 0
"chr3_144477175_G_A" 0 9 0 0
"chr3_145577714_G_T" 0 6 0 0
"chr3_146232352_A_C" 0 27 0 0
"chr3_147768210_C_T" 0 0 9 0
"chr3_152855933_C_T" 1 0 6 0
"chr3_155217757_G_A" 0 0 0 10
"chr3_15686177_G_A" 0 9 0 0
"chr3_15763822_T_A" 0 0 13 0
"chr3_160185810_G_A" 0 0 0 14
"chr3_160272762_C_A" 0 0 10 0
"chr3_1611451_C_T" 0 0 14 0
"chr3_165874997_G_A" 0 9 0 0
"chr3_174251033_C_T" 0 0 0 21
"chr3_174799459_C_T" 0 11 0 0
"chr3_177574336_A_C" 4 0 0 0
"chr3_178054620_G_A" 0 0 0 7
"chr3_180731491_C_T" 0 0 10 0
"chr3_183935470_G_A" 0 0 0 8
"chr3_18532878_T_A" 4 0 0 0
"chr3_186689227_A_G" 0 13 0 0
"chr3_190265790_C_T" 0 0 4 0
"chr3_1916822_C_T" 0 4 0 0
"chr3_193180520_C_T" 0 0 7 0
"chr3_19417758_A_G" 0 6 0 0
"chr3_194692793_C_T" 0 0 5 0
"chr3_19606937_A_T" 0 0 0 8
"chr3_2590296_G_A" 0 0 0 5
"chr3_26056595_C_A" 0 14 0 0
"chr3_2806181_G_A" 0 0 7 0
"chr3_28447409_G_T" 0 0 14 0
"chr3_29237438_C_G" 0 0 7 0
"chr3_31182617_C_T" 0 0 0 12
"chr3_34188326_C_T" 0 11 0 0
"chr3_35288527_G_A" 0 0 0 8
"chr3_36071866_G_T" 0 6 0 0
"chr3_39647442_G_A" 0 0 0 7
"chr3_45552768_C_T" 0 0 0 4
"chr3_48443374_C_G" 0 0 8 0
"chr3_49240245_C_T" 0 0 0 7
"chr3_53789779_C_T" 0 0 9 0
"chr3_54102773_C_T" 0 0 0 9
"chr3_54175511_G_A" 0 0 0 4
"chr3_55756430_C_T" 0 0 0 14
"chr3_60698329_A_G" 0 11 0 0
"chr3_62128120_C_T" 0 0 0 7
"chr3_63126255_A_G" 0 0 0 4
"chr3_63162370_C_T" 0 8 0 0
"chr3_64595799_C_T" 0 0 0 4
"chr3_66419204_G_A" 0 0 0 16
"chr3_66492821_G_A" 0 6 0 0
"chr3_68279913_A_T" 0 0 11 0
"chr3_68314592_C_T" 0 0 6 0
"chr3_68674813_G_A" 0 0 0 9
"chr3_687260_G_A" 0 0 0 13
"chr3_68808979_G_A" 0 15 0 0
"chr3_69254253_C_T" 0 0 0 12
"chr3_7013662_G_T" 0 0 0 11
"chr3_79703060_A_T" 0 0 0 9
"chr3_80542996_G_A" 0 10 0 0
"chr3_80848476_A_G" 0 7 0 0
"chr3_82467714_G_A" 0 6 0 0
"chr3_82902740_C_A" 0 0 0 12
"chr3_82971689_G_A" 1 0 0 7
"chr3_83704156_A_G" 0 0 0 14
"chr3_85175211_G_A" 0 0 4 0
"chr3_87937013_C_T" 0 0 0 7
"chr3_90310437_A_G" 0 9 0 0
"chr3_94214761_C_T" 0 0 6 0
"chr3_94675169_T_C" 0 4 0 0
"chr3_94706883_A_C" 0 0 0 6
"chr3_94797605_C_T" 0 4 0 0
"chr3_95041145_C_A" 0 0 0 6
"chr3_95141813_C_G" 0 4 0 0
"chr3_95359645_G_T" 0 0 4 0
"chr3_96477449_G_T" 0 14 0 0
"chr3_97353706_C_G" 0 0 0 8
"chr4_101672839_C_T" 0 0 8 0
"chr4_103016243_G_T" 0 0 6 0
"chr4_104383877_G_T" 0 0 0 8
"chr4_110757351_T_C" 0 0 0 4
"chr4_115352615_G_T" 0 0 0 6
"chr4_115937410_G_A" 0 0 6 0
"chr4_117528101_T_C" 0 0 0 11
"chr4_117754108_C_T" 0 0 0 5
"chr4_118443425_C_T" 0 0 0 5
"chr4_118458514_G_A" 0 4 0 0
"chr4_119145472_G_T" 0 0 4 0
"chr4_119842753_G_A" 1 0 4 0
"chr4_122572489_C_T" 0 0 0 5
"chr4_12369022_G_T" 0 0 0 5
"chr4_13048538_C_A" 0 0 0 10
"chr4_131597387_G_A" 0 0 0 12
"chr4_131650930_T_A" 0 4 0 0
"chr4_131679572_T_C" 0 0 0 6
"chr4_132138631_C_T" 0 12 0 0
"chr4_134681657_A_T" 0 0 0 12
"chr4_136490743_G_A" 0 6 0 0
"chr4_136579442_G_A" 0 0 0 4
"chr4_137400243_G_T" 0 7 0 0
"chr4_137578199_G_A" 0 0 5 0
"chr4_138099508_C_T" 0 0 0 12
"chr4_139108265_T_C" 0 0 0 12
"chr4_143069224_T_A" 0 12 0 0
"chr4_144106055_A_G" 0 0 0 11
"chr4_144239685_G_A" 0 0 0 10
"chr4_144342013_C_T" 0 0 0 9
"chr4_149307736_C_T" 0 6 0 0
"chr4_150295451_C_T" 0 6 0 0
"chr4_152206540_A_T" 4 0 0 0
"chr4_154006699_C_T" 0 8 0 0
"chr4_155990518_C_T" 0 6 0 0
"chr4_159683039_C_T" 0 0 10 0
"chr4_163577713_G_A" 0 0 10 0
"chr4_1635934_T_C" 0 0 0 7
"chr4_163708201_C_T" 0 0 0 5
"chr4_163803966_G_T" 0 4 0 0
"chr4_165915409_T_C" 0 11 0 0
"chr4_166183401_A_T" 0 0 5 0
"chr4_166233545_G_A" 0 0 0 4
"chr4_166501075_C_T" 0 0 9 0
"chr4_166865474_G_C" 0 12 0 0
"chr4_167855842_G_A" 0 0 12 0
"chr4_168082444_C_T" 0 0 5 0
"chr4_169395811_T_C" 0 0 0 7
"chr4_171226745_C_T" 0 0 6 0
"chr4_172286695_G_A" 0 0 6 0
"chr4_178243414_G_A" 0 0 0 5
"chr4_178404748_A_G" 0 0 16 0
"chr4_181444654_T_G" 0 0 0 7
"chr4_181465889_G_A" 0 0 9 0
"chr4_182639662_A_G" 0 0 0 4
"chr4_186559629_T_C" 0 0 7 0
"chr4_187510553_T_G" 0 7 0 0
"chr4_19378787_G_A" 0 0 0 13
"chr4_20855322_C_T" 0 0 10 0
"chr4_21851877_C_T" 0 10 0 0
"chr4_25502584_C_T" 0 0 9 0
"chr4_26498730_C_T" 0 0 11 0
"chr4_27342366_C_T" 0 0 0 7
"chr4_28591698_T_A" 0 0 8 0
"chr4_28693563_T_C" 0 0 0 4
"chr4_2993818_T_C" 0 0 0 6
"chr4_30158681_G_A" 0 6 0 0
"chr4_33016606_G_A" 0 0 0 10
"chr4_34208980_C_T" 0 0 0 11
"chr4_35321403_T_G" 0 0 0 4
"chr4_39196375_C_T" 0 6 0 0
"chr4_4383629_C_T" 0 0 0 9
"chr4_45781_G_A" 0 0 0 5
"chr4_49052440_C_T" 0 5 0 0
"chr4_57368327_C_T" 0 0 0 5
"chr4_58374292_C_T" 0 0 0 5
"chr4_58376758_A_T" 0 0 0 6
"chr4_58451810_C_T" 0 0 8 0
"chr4_59010210_A_C" 0 0 0 9
"chr4_59041496_T_G" 0 0 0 5
"chr4_59308686_C_A" 0 6 0 0
"chr4_59435037_T_C" 0 0 13 0
"chr4_59724198_G_T" 0 0 5 0
"chr4_60047414_C_A" 0 0 0 6
"chr4_60286993_C_T" 0 0 0 5
"chr4_62919383_C_T" 0 0 0 20
"chr4_62982497_A_T" 0 0 9 0
"chr4_63099833_T_G" 0 0 4 0
"chr4_65377414_A_T" 0 0 0 7
"chr4_65455042_G_A" 0 0 8 0
"chr4_65802732_G_A" 0 4 1 0
"chr4_66365795_C_G" 0 5 0 0
"chr4_70399893_T_C" 0 4 0 0
"chr4_73025091_A_G" 0 0 0 7
"chr4_73744214_G_C" 0 0 7 0
"chr4_8417549_G_A" 0 0 0 5
"chr4_84706764_A_G" 0 0 0 5
"chr4_85274391_C_G" 0 9 0 0
"chr4_8694114_C_T" 0 0 9 0
"chr4_89393721_C_A" 0 0 16 0
"chr4_93599108_A_C" 0 0 16 0
"chr4_93785127_G_A" 0 0 9 0
"chr4_94121651_C_T" 0 0 4 0
"chr4_96082284_G_A" 0 0 0 7
"chr4_96866669_C_T" 0 6 0 0
"chr5_100272666_C_T" 0 0 0 7
"chr5_100692584_A_G" 0 0 0 4
"chr5_101501675_G_A" 0 0 0 6
"chr5_104258719_C_T" 0 0 0 5
"chr5_104276818_G_A" 0 0 0 7
"chr5_105086597_A_G" 0 0 5 0
"chr5_107205098_C_T" 0 5 0 0
"chr5_112263494_G_C" 0 0 0 8
"chr5_114203515_T_C" 0 0 11 0
"chr5_116740532_T_G" 0 0 4 0
"chr5_119924177_A_G" 0 9 0 0
"chr5_12075132_C_T" 0 10 0 0
"chr5_120921151_G_C" 0 7 0 0
"chr5_125405486_A_T" 0 0 6 0
"chr5_125838817_A_T" 4 0 0 0
"chr5_126867601_T_C" 0 0 0 11
"chr5_129550001_G_C" 0 4 0 0
"chr5_130176977_G_T" 0 5 1 0
"chr5_130516181_C_T" 0 0 0 12
"chr5_131924870_G_T" 0 0 7 0
"chr5_133937281_C_T" 0 0 0 4
"chr5_135788160_C_T" 0 6 0 0
"chr5_136630377_G_A" 0 0 0 6
"chr5_136670784_C_T" 0 0 14 0
"chr5_139232042_C_T" 0 0 0 14
"chr5_140407577_T_A" 4 0 0 0
"chr5_140804526_A_C" 0 0 0 5
"chr5_142312375_C_T" 0 0 0 10
"chr5_144537917_C_T" 0 0 5 0
"chr5_145688241_T_C" 0 0 9 0
"chr5_146593087_G_T" 0 0 6 0
"chr5_149345353_C_T" 0 4 0 0
"chr5_15177591_G_C" 0 5 0 0
"chr5_153582037_C_T" 0 0 0 5
"chr5_154082425_C_A" 0 0 0 7
"chr5_160199571_C_T" 0 0 0 8
"chr5_160597628_A_T" 0 0 10 0
"chr5_162025173_G_A" 0 0 0 7
"chr5_162663251_A_G" 0 8 0 0
"chr5_162857378_G_A" 0 0 0 4
"chr5_163426822_C_T" 0 6 0 0
"chr5_165137231_G_A" 0 0 4 0
"chr5_166465939_G_A" 0 9 0 0
"chr5_167073061_C_T" 0 0 4 0
"chr5_16762524_G_C" 0 4 0 0
"chr5_16774589_T_C" 0 9 0 0
"chr5_169358361_A_C" 0 0 4 0
"chr5_169443308_C_A" 0 0 0 8
"chr5_170580693_G_T" 0 8 0 0
"chr5_174056824_G_A" 0 0 0 8
"chr5_174627047_G_A" 0 0 0 8
"chr5_178774478_G_A" 0 0 10 0
"chr5_19083078_G_A" 0 0 6 0
"chr5_19836977_C_A" 0 5 0 0
"chr5_20179439_T_G" 0 0 5 0
"chr5_20280241_G_C" 0 4 0 0
"chr5_22079476_C_T" 0 0 0 10
"chr5_22552295_G_A" 0 0 0 9
"chr5_22683069_A_G" 0 0 0 4
"chr5_22982849_G_A" 1 0 0 6
"chr5_23810453_C_T" 0 0 0 5
"chr5_24953811_G_T" 0 0 5 0
"chr5_26072919_C_A" 0 0 0 8
"chr5_26245530_G_A" 0 0 0 8
"chr5_26758402_A_T" 0 0 0 8
"chr5_27404513_G_A" 0 0 0 5
"chr5_27522648_T_A" 0 0 8 0
"chr5_27905193_T_A" 0 0 0 5
"chr5_28309665_A_T" 0 5 0 0
"chr5_29898059_C_T" 0 0 9 0
"chr5_3264641_C_T" 0 0 0 8
"chr5_32953896_G_A" 0 0 0 7
"chr5_34553599_C_T" 2 9 0 0
"chr5_3644286_G_A" 0 0 0 9
"chr5_37362414_G_A" 0 13 0 0
"chr5_38068792_C_T" 0 0 8 0
"chr5_38119717_G_A" 0 0 0 6
"chr5_40111650_C_T" 0 5 0 0
"chr5_405635_C_T" 0 0 0 9
"chr5_42245130_T_A" 0 0 5 0
"chr5_43527184_T_C" 0 10 0 0
"chr5_45020838_C_T" 0 15 0 0
"chr5_45401513_C_A" 0 0 4 0
"chr5_45638764_G_C" 0 0 7 0
"chr5_45805974_T_A" 0 8 1 0
"chr5_60216860_T_C" 0 9 0 0
"chr5_60555673_C_T" 0 0 5 0
"chr5_65433397_C_T" 0 0 0 13
"chr5_65622471_G_A" 0 1 12 0
"chr5_65694445_C_T" 0 0 0 7
"chr5_66597455_A_T" 0 0 0 7
"chr5_68362763_A_G" 0 0 6 0
"chr5_75252887_T_C" 0 0 10 0
"chr5_75502192_A_C" 0 4 0 0
"chr5_75866164_C_T" 0 0 5 0
"chr5_83954641_C_A" 0 4 0 0
"chr5_84613367_G_A" 0 12 0 0
"chr5_85056783_G_T" 0 0 0 4
"chr5_85088505_G_A" 0 10 0 0
"chr5_85504343_C_A" 0 12 0 0
"chr5_85653903_C_G" 0 0 0 5
"chr5_86254248_C_A" 0 4 0 0
"chr5_86905271_T_A" 0 0 0 8
"chr5_8741430_C_T" 0 0 9 0
"chr5_87715094_G_T" 0 0 0 8
"chr5_88936625_A_C" 0 0 8 0
"chr5_8919392_G_T" 0 0 0 7
"chr5_8983755_G_T" 0 6 0 0
"chr5_90152599_C_A" 0 0 0 5
"chr5_92031449_C_T" 0 4 0 0
"chr5_93102078_G_A" 0 0 10 0
"chr5_93280084_C_G" 0 0 0 8
"chr5_9741736_C_T" 0 0 5 0
"chr5_9798507_C_G" 0 5 0 0
"chr6_101157905_C_T" 0 0 7 0
"chr6_101302926_C_T" 0 0 0 9
"chr6_101803924_T_C" 0 0 6 0
"chr6_102071380_C_T" 0 0 0 13
"chr6_102220807_T_A" 0 8 0 0
"chr6_102502476_T_C" 0 0 0 4
"chr6_10360609_G_C" 0 0 4 0
"chr6_105818019_G_A" 0 0 9 0
"chr6_108817952_G_A" 0 0 0 6
"chr6_112837983_G_T" 0 0 4 0
"chr6_114768012_C_A" 0 0 8 0
"chr6_114891626_G_A" 0 0 5 0
"chr6_115885137_C_T" 0 0 0 6
"chr6_118033011_G_A" 0 0 0 8
"chr6_120468392_G_A" 0 0 4 0
"chr6_121227279_T_A" 0 11 0 0
"chr6_124296879_C_T" 0 15 0 0
"chr6_124360086_C_T" 0 0 5 0
"chr6_127983363_C_T" 0 0 0 5
"chr6_129277673_C_G" 0 0 0 14
"chr6_129568177_C_G" 0 8 0 0
"chr6_136743557_C_T" 0 11 0 0
"chr6_138969634_G_T" 0 4 0 0
"chr6_140255127_G_A" 0 0 0 5
"chr6_140490544_C_T" 0 0 0 5
"chr6_142137009_G_A" 0 0 5 0
"chr6_147835926_A_G" 0 0 0 10
"chr6_148119196_G_A" 0 0 0 6
"chr6_148271566_G_A" 0 0 0 18
"chr6_148437721_T_A" 0 6 1 0
"chr6_148907078_G_A" 0 9 0 0
"chr6_149570275_T_C" 0 0 6 0
"chr6_14959145_G_A" 0 0 6 0
"chr6_152046928_C_T" 0 0 0 6
"chr6_15278969_C_T" 0 0 0 8
"chr6_153334217_C_T" 0 0 0 11
"chr6_155948211_A_G" 0 0 0 7
"chr6_159483676_T_C" 0 6 0 0
"chr6_162938854_G_T" 0 0 0 15
"chr6_164579577_C_T" 0 0 0 4
"chr6_165110545_C_T" 0 10 0 0
"chr6_167471542_C_T" 0 0 0 8
"chr6_168814881_G_A" 0 0 5 0
"chr6_169673365_C_T" 0 0 0 14
"chr6_18907968_G_A" 0 0 0 10
"chr6_23867357_C_T" 0 12 0 0
"chr6_28176476_G_A" 0 0 5 0
"chr6_30166014_G_T" 0 0 0 8
"chr6_32804550_C_T" 0 0 0 5
"chr6_34853363_T_C" 0 0 0 7
"chr6_37328116_C_A" 0 0 4 0
"chr6_3996861_G_A" 0 0 0 8
"chr6_3996862_C_A" 0 0 0 7
"chr6_42196836_T_G" 0 0 5 0
"chr6_42322584_C_T" 0 6 0 0
"chr6_43044208_G_A" 0 11 0 0
"chr6_43787157_C_G" 0 0 0 12
"chr6_49830735_C_A" 0 4 0 0
"chr6_50697632_C_T" 0 0 0 11
"chr6_54265192_G_T" 0 0 10 0
"chr6_55130317_C_T" 0 0 0 7
"chr6_552851_A_G" 0 0 0 6
"chr6_55457368_C_T" 0 0 0 6
"chr6_57204725_C_T" 0 0 6 0
"chr6_58066185_C_A" 0 9 0 0
"chr6_60658182_C_A" 0 0 0 15
"chr6_62312100_C_T" 0 6 0 0
"chr6_62709113_C_T" 0 5 0 0
"chr6_64031243_G_A" 0 0 0 5
"chr6_64998203_G_A" 0 4 0 0
"chr6_65725757_T_A" 0 7 0 0
"chr6_65754992_G_A" 0 0 11 0
"chr6_65843080_G_T" 0 0 0 6
"chr6_67006597_A_T" 0 0 13 0
"chr6_67216274_C_A" 0 0 12 0
"chr6_67302189_C_T" 0 9 0 0
"chr6_71022018_G_T" 0 0 0 10
"chr6_71608108_G_A" 0 0 0 7
"chr6_71735295_A_G" 0 0 0 9
"chr6_72192900_A_T" 0 6 0 0
"chr6_73980005_G_A" 0 0 0 20
"chr6_74815362_T_C" 0 0 4 0
"chr6_756138_G_A" 0 0 12 0
"chr6_76495823_G_A" 0 5 0 0
"chr6_78170431_A_T" 0 0 7 0
"chr6_79584423_A_G" 0 0 0 11
"chr6_8196832_T_C" 0 5 0 0
"chr6_82137951_C_T" 0 0 0 7
"chr6_83477766_T_C" 0 1 12 0
"chr6_83735048_T_C" 0 0 0 15
"chr6_83858060_G_A" 0 10 0 0
"chr6_86024701_G_A" 0 0 4 0
"chr6_87138559_C_A" 0 6 0 0
"chr6_87783977_G_A" 0 8 0 0
"chr6_90328324_T_C" 0 0 8 0
"chr6_93231348_G_A" 0 0 9 0
"chr6_98067493_C_T" 0 0 12 0
"chr6_98753525_C_T" 0 12 0 0
"chr7_1010488_G_A" 0 12 0 0
"chr7_103855431_G_A" 0 0 0 10
"chr7_10515019_C_T" 0 6 0 0
"chr7_110153128_G_C" 0 0 0 6
"chr7_110365680_G_A" 0 4 0 0
"chr7_110589081_G_A" 0 0 0 5
"chr7_113322067_C_A" 0 0 0 8
"chr7_114251336_A_G" 0 0 4 0
"chr7_114405891_G_T" 0 7 0 0
"chr7_11596488_G_A" 0 0 0 5
"chr7_117328561_G_A" 1 0 0 9
"chr7_119216256_A_T" 0 0 0 5
"chr7_119787328_T_A" 0 0 0 5
"chr7_120239659_G_A" 0 0 0 18
"chr7_120568906_G_A" 0 0 0 6
"chr7_121017559_G_A" 0 0 0 5
"chr7_123313622_G_T" 0 0 0 5
"chr7_123561119_G_A" 0 0 5 0
"chr7_124581869_A_G" 0 0 0 16
"chr7_126827140_C_A" 0 0 0 9
"chr7_127300741_C_A" 0 0 0 9
"chr7_130158094_G_A" 0 6 0 0
"chr7_132549493_G_T" 0 0 0 5
"chr7_132586898_C_T" 0 0 9 0
"chr7_133846646_G_A" 0 0 0 7
"chr7_134809340_G_A" 0 7 0 0
"chr7_137704142_C_T" 0 9 0 0
"chr7_140930991_T_A" 0 0 0 7
"chr7_141862406_G_T" 0 0 0 10
"chr7_145873746_T_G" 0 9 0 0
"chr7_145899858_A_G" 0 0 7 0
"chr7_146071587_T_G" 0 4 0 0
"chr7_151429469_C_T" 0 0 12 0
"chr7_151603624_C_T" 0 0 0 4
"chr7_153391910_G_A" 0 0 0 9
"chr7_15475376_T_C" 0 0 0 7
"chr7_158813869_C_T" 0 4 0 0
"chr7_1746773_C_T" 0 0 13 0
"chr7_19715368_C_T" 0 0 0 12
"chr7_23419468_C_T" 0 0 10 0
"chr7_29092086_T_A" 0 8 0 0
"chr7_30245347_T_G" 0 6 0 0
"chr7_30287669_C_G" 0 0 0 7
"chr7_31043458_C_T" 0 0 0 6
"chr7_37766753_C_A" 0 14 0 0
"chr7_38476619_C_T" 0 0 0 13
"chr7_3882738_T_A" 4 0 0 0
"chr7_39464289_G_T" 0 0 4 0
"chr7_40482786_G_A" 0 0 0 12
"chr7_41245207_C_G" 0 0 6 0
"chr7_41375855_T_C" 0 4 0 0
"chr7_41574185_G_A" 0 11 0 0
"chr7_41981033_G_A" 0 0 0 10
"chr7_44176894_G_A" 0 0 6 0
"chr7_47099779_A_G" 0 9 0 0
"chr7_49134415_G_A" 0 0 0 5
"chr7_49986446_C_G" 0 0 0 4
"chr7_5124979_C_T" 0 0 16 0
"chr7_55896127_A_G" 0 0 0 5
"chr7_56452077_G_A" 0 0 0 19
"chr7_56844281_G_A" 0 7 0 0
"chr7_57199369_C_T" 0 9 0 0
"chr7_57268366_G_A" 0 0 0 8
"chr7_57764894_G_T" 0 7 0 0
"chr7_58066569_C_A" 0 0 9 0
"chr7_62195099_C_A" 0 10 0 0
"chr7_62394413_C_A" 0 6 0 0
"chr7_63040391_G_A" 0 0 0 8
"chr7_63944376_T_A" 0 4 0 0
"chr7_64141706_G_A" 0 0 0 9
"chr7_64228986_G_T" 0 0 8 0
"chr7_64972549_T_G" 0 5 0 0
"chr7_66328594_G_T" 0 4 0 0
"chr7_67556778_G_A" 0 0 0 9
"chr7_67662779_C_T" 0 0 0 9
"chr7_68211612_C_T" 0 0 0 12
"chr7_68756898_C_A" 0 0 0 10
"chr7_69130311_G_T" 0 0 5 0
"chr7_69861563_G_A" 0 0 13 0
"chr7_72481436_T_G" 0 0 0 10
"chr7_8165404_C_T" 0 11 0 0
"chr7_85355279_G_A" 0 4 0 0
"chr7_86834710_G_T" 0 0 0 8
"chr7_87667581_G_A" 0 0 0 10
"chr7_90974866_A_G" 0 0 6 0
"chr7_97788194_C_G" 0 0 22 0
"chr7_98691603_C_T" 0 0 6 0
"chr7_99951104_C_A" 0 0 0 6
"chr8_103784833_G_A" 0 4 0 0
"chr8_106868972_G_A" 0 0 0 6
"chr8_10695147_T_C" 0 0 8 0
"chr8_109981924_T_A" 3 0 7 0
"chr8_110940896_G_A" 0 0 0 8
"chr8_111378656_A_G" 0 0 5 0
"chr8_111378730_A_T" 0 0 5 0
"chr8_113747330_G_A" 0 0 0 10
"chr8_114476891_G_T" 0 0 0 12
"chr8_11496733_C_A" 0 0 0 5
"chr8_115068733_T_C" 0 5 0 0
"chr8_117184011_C_G" 0 10 0 0
"chr8_121568614_G_A" 0 9 0 0
"chr8_121659473_G_A" 0 0 0 6
"chr8_122573066_G_A" 0 8 0 0
"chr8_123999882_G_C" 0 0 0 9
"chr8_123999883_C_T" 0 0 0 9
"chr8_125187907_T_C" 0 22 0 0
"chr8_126650817_G_T" 0 0 7 0
"chr8_12680587_G_T" 0 5 0 0
"chr8_129024442_C_G" 0 0 0 5
"chr8_131421136_C_A" 0 0 13 0
"chr8_134692105_G_A" 0 8 0 0
"chr8_136908949_C_T" 0 0 0 5
"chr8_136986521_C_T" 0 0 0 10
"chr8_137520733_A_C" 0 6 0 0
"chr8_137999141_C_T" 0 0 0 8
"chr8_143621223_T_C" 0 7 0 0
"chr8_14512738_G_A" 0 0 4 0
"chr8_15072629_A_T" 0 0 0 7
"chr8_15164029_G_A" 0 0 4 0
"chr8_15266309_C_T" 0 5 0 0
"chr8_16655357_G_C" 0 0 7 0
"chr8_17558609_T_A" 0 6 0 0
"chr8_18259281_C_A" 0 8 0 0
"chr8_21236978_C_T" 0 0 0 5
"chr8_21293347_G_T" 0 4 0 0
"chr8_25556237_C_A" 0 6 0 0
"chr8_25720625_G_A" 0 0 0 9
"chr8_2585530_C_T" 0 0 0 6
"chr8_27068597_G_T" 0 0 6 0
"chr8_2920817_G_A" 0 5 0 0
"chr8_2920841_C_A" 0 0 4 0
"chr8_30294678_C_A" 0 10 0 0
"chr8_3078756_G_A" 0 0 11 0
"chr8_31444363_A_G" 0 0 0 4
"chr8_32453333_G_A" 0 0 0 13
"chr8_3305930_T_C" 0 0 0 5
"chr8_3546181_G_A" 5 0 0 0
"chr8_3742933_G_A" 0 0 4 0
"chr8_38430416_G_A" 0 0 0 4
"chr8_41296477_T_G" 0 0 7 0
"chr8_4491612_A_G" 0 6 0 0
"chr8_4704198_G_A" 0 0 4 0
"chr8_4710122_G_A" 0 0 4 0
"chr8_50344821_C_A" 0 0 8 0
"chr8_50627740_G_A" 0 0 0 18
"chr8_51114346_G_A" 0 0 0 10
"chr8_51940383_C_G" 0 5 0 0
"chr8_5275529_C_T" 0 0 12 0
"chr8_5282599_G_A" 0 15 0 0
"chr8_55376120_G_A" 0 5 0 0
"chr8_56762455_G_C" 0 0 4 0
"chr8_5961641_C_T" 0 0 18 0
"chr8_62749872_C_G" 0 0 0 11
"chr8_63597946_C_A" 0 0 6 0
"chr8_63887024_T_C" 0 0 0 7
"chr8_66490447_G_A" 0 10 0 0
"chr8_66876905_C_T" 0 0 5 0
"chr8_68145969_A_G" 0 0 0 11
"chr8_72453042_C_T" 0 0 0 11
"chr8_76095700_C_T" 0 0 0 9
"chr8_76318384_C_T" 0 0 0 13
"chr8_77295560_C_T" 0 4 0 0
"chr8_77869405_C_T" 0 7 0 0
"chr8_78516678_T_C" 0 0 7 0
"chr8_82952892_G_A" 0 0 11 0
"chr8_8587057_T_C" 0 0 0 7
"chr8_874822_C_T" 0 7 0 0
"chr8_88175372_C_T" 0 0 10 0
"chr8_89768041_G_A" 0 0 16 0
"chr8_90587836_C_T" 0 0 4 0
"chr8_91484816_C_T" 0 0 7 0
"chr8_92706828_C_T" 0 0 0 9
"chr8_94330464_A_G" 0 0 0 5
"chr8_97780995_A_G" 0 0 0 5
"chr8_99129763_C_T" 0 0 4 0
"chr9_101516628_A_G" 0 9 0 0
"chr9_101657076_C_T" 0 16 0 0
"chr9_103049641_G_A" 0 4 0 0
"chr9_103060490_G_T" 0 4 0 0
"chr9_103586723_C_A" 0 0 0 6
"chr9_105110143_G_A" 0 0 0 11
"chr9_105804435_C_T" 0 0 0 15
"chr9_115677021_G_T" 0 15 0 0
"chr9_116122423_T_C" 0 0 0 10
"chr9_117655511_C_T" 0 0 0 13
"chr9_118295555_C_T" 0 0 0 6
"chr9_120376524_C_T" 0 0 5 0
"chr9_128559526_G_C" 0 0 5 0
"chr9_131019145_C_A" 0 6 0 0
"chr9_131062060_T_A" 0 2 0 6
"chr9_133427096_T_G" 0 12 0 0
"chr9_135470632_G_A" 0 0 0 5
"chr9_135671063_C_T" 0 0 4 0
"chr9_136795616_C_T" 0 5 0 0
"chr9_136997162_C_G" 0 0 0 10
"chr9_15025376_G_T" 0 2 4 0
"chr9_22546563_A_C" 0 0 0 4
"chr9_24972614_C_A" 0 0 4 0
"chr9_25100840_A_G" 0 12 0 0
"chr9_2530869_C_T" 0 0 0 8
"chr9_26632035_G_T" 0 8 0 0
"chr9_27792090_A_T" 0 0 0 4
"chr9_28588423_G_T" 0 6 0 0
"chr9_28880857_G_A" 0 0 0 6
"chr9_29445856_C_T" 0 9 0 0
"chr9_31066264_G_A" 0 19 0 0
"chr9_31436130_C_T" 0 0 0 7
"chr9_33401459_C_T" 0 9 0 0
"chr9_33485915_G_T" 0 1 4 1
"chr9_34195666_C_T" 0 0 0 7
"chr9_35218513_A_T" 0 0 9 0
"chr9_38209202_T_G" 0 0 0 4
"chr9_42954307_C_G" 0 0 0 6
"chr9_5432989_C_T" 0 0 0 5
"chr9_74112302_G_A" 0 18 0 0
"chr9_74318830_A_G" 0 0 0 5
"chr9_74439134_C_T" 0 5 0 0
"chr9_7571147_C_T" 0 0 0 4
"chr9_76791680_C_A" 0 0 4 0
"chr9_80547238_G_C" 0 0 4 0
"chr9_80645305_T_C" 0 0 0 10
"chr9_83335596_G_A" 0 0 0 8
"chr9_83596350_A_C" 1 7 1 0
"chr9_84260214_C_A" 0 0 0 4
"chr9_87462741_G_T" 0 4 0 0
"chr9_90590882_G_A" 0 0 0 6
"chr9_94680404_G_A" 0 0 0 6
"chrX_106203835_A_T" 0 0 0 5
"chrX_107469060_G_A" 0 0 4 0
"chrX_108477918_G_T" 0 0 8 0
"chrX_116724571_C_A" 0 4 1 0
"chrX_12311966_G_A" 0 5 0 0
"chrX_124276249_G_A" 0 0 0 8
"chrX_124939940_T_C" 0 0 6 0
"chrX_125002698_G_T" 0 5 0 0
"chrX_126616091_G_A" 0 0 0 4
"chrX_127662537_C_T" 0 5 0 0
"chrX_131340744_T_C" 0 0 0 5
"chrX_132111716_G_T" 0 15 0 0
"chrX_132237081_G_T" 0 0 0 8
"chrX_135436496_G_C" 0 0 5 0
"chrX_135575963_C_T" 0 0 0 8
"chrX_138270356_G_A" 0 8 0 0
"chrX_141150152_A_T" 4 0 0 0
"chrX_141759401_C_T" 0 0 0 10
"chrX_142654214_T_C" 0 6 0 0
"chrX_143041872_C_T" 0 0 0 4
"chrX_143260896_C_T" 0 0 11 0
"chrX_145110411_C_T" 0 0 0 7
"chrX_145689624_C_T" 0 0 0 7
"chrX_145870699_G_T" 0 7 0 0
"chrX_146946725_T_G" 0 0 4 0
"chrX_147143713_C_T" 0 0 0 12
"chrX_153523794_C_T" 0 7 0 0
"chrX_155219828_T_A" 0 0 0 5
"chrX_22871466_A_G" 0 8 0 0
"chrX_25180227_A_G" 0 0 0 11
"chrX_25480893_C_T" 0 9 0 0
"chrX_30954808_T_A" 0 0 0 5
"chrX_32963082_G_A" 0 0 6 0
"chrX_40018516_T_G" 0 0 0 6
"chrX_4170606_G_T" 0 6 0 0
"chrX_4245669_C_G" 0 0 0 8
"chrX_42771779_T_C" 0 18 0 0
"chrX_42773906_T_A" 0 0 4 0
"chrX_4363422_A_G" 0 0 5 0
"chrX_4404248_G_A" 0 0 8 0
"chrX_46689941_G_C" 0 0 4 0
"chrX_47904367_A_T" 0 4 1 0
"chrX_54733787_A_G" 0 0 0 11
"chrX_55261631_G_A" 0 1 5 0
"chrX_55402470_C_G" 0 0 4 0
"chrX_64463029_C_T" 0 0 6 0
"chrX_73484855_C_T" 0 0 0 11
"chrX_7842666_G_A" 0 12 0 0
"chrX_78767858_G_A" 0 0 0 7
"chrX_81553312_G_A" 0 4 0 0
"chrX_81920009_C_T" 0 0 5 0
"chrX_85650012_G_T" 0 0 0 12
"chrX_86179169_T_C" 0 9 0 0
"chrX_8777591_A_C" 0 0 6 0
"chrX_92086240_G_C" 0 0 0 8
"chrX_93025452_G_A" 0 6 0 0
"chrX_95007354_C_T" 0 0 0 9
"chrX_96175257_G_T" 0 0 0 6
"chrX_99286816_C_T" 0 0 0 9
"chrX_99673418_G_A" 0 0 4 0
"chrY_11762836_G_A" 0 0 0 13
"chrY_13638592_G_A" 0 0 5 0
"chrY_16924913_G_A" 0 0 0 7
"chrY_20138821_A_G" 12 2 3 10
"chrY_26401720_G_C" 0 0 0 6
"chrY_3811400_C_A" 0 0 0 4
"chrY_4843667_G_A" 0 0 0 8
"chrY_7212160_C_T" 0 0 0 8
"chrY_9548603_G_A" 0 0 0 10
"chrY_9926607_C_T" 0 0 0 5
