"PD41753b_lo0001" "PD41753c_lo0003" "PD41753c_lo0004" "PD41753c_lo0005" "PD41753c_lo0006" "PD41753c_lo0007" "PD41753c_lo0008" "PD41753c_lo0009" "PD41753c_lo0010" "PD41753c_lo0011" "PD41753c_lo0012"
"chr1_101006132_ACAGTTTATTGACCT_A" 0 0 0 0 0 0 0 0 15 0 0
"chr1_102019164_C_CA" 0 0 0 0 1 10 0 0 0 0 1
"chr1_102179775_CT_C" 0 0 0 0 1 0 1 0 12 0 2
"chr1_102595397_A_AT" 0 0 0 0 0 0 0 12 0 0 0
"chr1_103008954_A_AT" 0 0 0 0 17 0 0 0 0 0 0
"chr1_103302950_TA_T" 0 0 0 23 0 0 0 0 0 0 0
"chr1_104744204_ATC_A" 0 0 20 0 0 1 0 0 0 0 0
"chr1_106126765_A_AT" 0 0 0 0 0 0 19 0 0 0 0
"chr1_106349662_TCTACTAAAAATA_T" 0 0 9 0 0 0 0 0 0 0 0
"chr1_109200127_C_CA" 0 0 0 0 0 0 0 10 0 0 0
"chr1_112334481_C_CA" 0 0 0 1 26 0 0 0 0 2 0
"chr1_113438267_T_TC" 0 0 0 0 0 0 0 0 0 0 12
"chr1_113867218_TACTA_T" 0 0 17 0 0 0 0 0 0 0 0
"chr1_114225781_AT_A" 0 10 0 1 0 0 0 0 0 0 0
"chr1_114925401_G_GA" 0 0 0 0 0 0 0 0 20 0 0
"chr1_115191277_ATCCCAT_A" 0 0 0 0 0 0 11 0 0 0 0
"chr1_116750996_T_TA" 0 0 1 0 2 1 0 0 1 15 0
"chr1_117985450_T_TGGCTGG" 0 13 0 0 0 0 0 0 0 0 0
"chr1_117997626_C_CT" 0 1 0 0 0 0 0 0 0 0 9
"chr1_118818593_TA_T" 0 0 0 0 0 0 0 0 0 26 0
"chr1_12757549_A_AT" 0 1 0 1 1 0 13 0 0 0 0
"chr1_146374940_AC_A" 0 0 0 0 0 0 0 0 0 14 0
"chr1_150756711_T_TC" 0 13 0 0 0 0 0 0 0 0 0
"chr1_15154765_GGGAGCAGCCCGTG_GTGT" 0 0 0 0 0 0 0 0 0 0 11
"chr1_153496289_TG_T" 0 0 0 0 0 0 17 0 0 0 0
"chr1_154116518_CAG_C" 0 0 0 0 0 0 0 0 12 0 0
"chr1_155429007_C_CAT" 0 0 12 3 1 0 0 0 0 1 0
"chr1_157231122_T_TTG" 0 0 0 0 0 0 0 0 0 0 30
"chr1_157393358_C_CT" 0 2 0 0 17 0 1 0 0 1 0
"chr1_161794451_G_GT" 0 0 0 0 11 0 0 0 0 0 0
"chr1_163431176_C_CT" 0 0 0 0 0 0 0 7 0 0 0
"chr1_164144296_C_CA" 1 0 2 2 1 0 0 1 21 1 1
"chr1_164620693_T_TC" 0 0 1 0 2 1 11 0 0 0 0
"chr1_166211000_TG_T" 0 0 0 0 10 0 0 0 0 0 0
"chr1_167859542_TC_T" 0 0 0 0 0 24 0 0 0 0 0
"chr1_168178115_TG_T" 0 0 0 0 0 0 0 0 0 22 0
"chr1_170147544_G_GA" 1 0 14 0 0 1 0 1 1 1 0
"chr1_171961695_C_CA" 0 0 0 0 0 0 0 0 17 0 0
"chr1_172923939_A_AT" 0 0 12 0 0 0 0 0 0 0 0
"chr1_174301481_TCTGCCAG_T" 0 0 0 0 16 0 0 0 0 0 0
"chr1_176059982_GT_G" 0 0 0 0 0 0 0 18 0 0 0
"chr1_176772874_C_CT" 1 3 1 0 0 1 0 16 0 0 1
"chr1_177333976_CTCTCTTAA_C" 0 0 0 0 0 0 0 9 0 0 0
"chr1_177554945_GA_G" 0 15 0 0 0 0 0 1 1 0 0
"chr1_179967153_AGTTATTAAAT_A" 0 0 10 0 0 0 0 0 0 0 0
"chr1_182078238_CAA_C" 0 0 0 0 0 9 0 0 0 0 0
"chr1_187656143_CT_C" 0 19 0 0 1 0 0 0 0 0 0
"chr1_187830728_G_GT" 0 0 0 9 2 0 0 0 0 0 0
"chr1_188908845_AAATT_A" 0 0 14 0 0 0 0 0 0 0 0
"chr1_190030182_A_AT" 0 0 0 0 0 0 12 0 0 0 0
"chr1_191334544_G_GT" 0 17 0 0 0 0 0 0 0 0 0
"chr1_192432351_GA_G" 0 15 0 0 1 1 1 0 0 0 1
"chr1_192658122_C_CT" 0 0 0 15 1 0 2 0 0 0 0
"chr1_195607438_A_AT" 0 0 1 19 0 0 0 0 0 0 0
"chr1_195734493_C_CT" 0 0 0 0 0 0 16 0 0 0 0
"chr1_196063303_GATTA_G" 0 12 0 0 0 0 0 0 0 0 0
"chr1_196083887_CA_C" 0 16 0 0 0 0 0 0 0 0 0
"chr1_197266841_AT_A" 0 0 0 0 0 0 0 0 15 0 2
"chr1_197439602_C_CT" 0 4 6 1 21 0 0 2 0 0 3
"chr1_19921914_GC_G" 0 0 1 0 0 0 0 0 0 10 0
"chr1_199884798_GC_G" 0 0 0 0 0 0 0 13 0 0 0
"chr1_202567032_G_GT" 0 0 12 0 1 0 0 0 0 0 0
"chr1_202739487_A_AT" 0 14 0 0 0 0 0 0 0 0 0
"chr1_204836167_C_CGT" 0 0 12 0 1 0 0 0 1 1 0
"chr1_207852165_AG_A" 0 0 0 0 0 1 0 10 0 0 0
"chr1_209032955_T_TA" 0 0 13 0 0 0 0 0 0 0 0
"chr1_209830742_TTTTAGG_T" 0 0 0 0 27 0 0 0 0 0 0
"chr1_212964525_CA_C" 0 9 0 0 0 0 0 0 0 0 0
"chr1_215148394_G_GT" 0 0 16 0 0 1 3 0 1 0 0
"chr1_215527952_AC_A" 0 0 0 0 0 0 0 0 0 0 13
"chr1_215763451_AG_A" 0 0 0 0 0 0 0 11 0 0 0
"chr1_217420073_G_GC" 0 0 0 0 0 0 1 0 0 0 21
"chr1_219525086_TC_T" 0 0 13 0 0 0 0 0 0 0 0
"chr1_219542614_G_GA" 0 17 0 0 0 0 0 0 0 0 0
"chr1_222356992_GA_G" 0 15 0 1 0 0 0 0 1 0 0
"chr1_222410937_CA_C" 0 0 0 0 0 0 0 0 0 0 10
"chr1_223804225_TCA_T" 0 0 11 0 0 0 0 0 0 0 0
"chr1_224922123_T_TA" 0 11 0 0 0 0 0 0 0 0 0
"chr1_22741903_TG_T" 0 0 12 0 0 0 0 0 0 0 0
"chr1_22833106_A_AT" 1 17 0 1 1 0 0 0 0 2 0
"chr1_2296677_GTCTTTTCCCTTTCTCGA_G" 0 0 0 0 17 0 0 0 0 0 0
"chr1_230059780_CT_C" 0 0 0 13 0 1 1 1 0 0 0
"chr1_232302909_TA_T" 0 0 0 0 16 0 0 0 0 0 0
"chr1_232745922_AT_A" 0 0 0 0 0 0 0 20 0 1 0
"chr1_237065039_AC_A" 0 0 0 0 0 0 10 0 0 0 0
"chr1_237763006_C_CT" 0 1 0 0 0 0 0 0 0 1 14
"chr1_238430788_G_GT" 0 1 13 0 3 0 0 1 3 1 0
"chr1_242544951_TA_T" 0 0 8 0 0 0 0 0 0 0 0
"chr1_245122627_G_GT" 1 20 1 0 0 1 1 0 1 3 2
"chr1_2454817_TGTCCTTGG_T" 0 0 0 0 0 15 0 0 0 0 0
"chr1_247997656_C_CA" 0 2 0 0 0 0 0 12 1 2 0
"chr1_26500022_T_TA" 0 15 0 0 0 0 2 1 0 0 2
"chr1_26696866_GGCCGGAGCCCGTCTGCCGTCGCC_G" 0 0 0 0 0 0 0 0 0 0 12
"chr1_29091804_A_AT" 0 0 0 0 0 0 0 0 0 17 0
"chr1_3080739_TC_T" 0 0 13 0 0 0 0 0 0 0 0
"chr1_33287736_TAAC_T" 0 0 15 0 0 0 0 0 0 0 0
"chr1_33689812_AC_A" 0 0 0 0 1 0 0 0 19 0 0
"chr1_34340750_GT_G" 0 0 0 19 0 0 0 0 0 0 0
"chr1_37004697_AG_A" 0 0 0 0 0 0 0 0 0 0 15
"chr1_37282975_GA_G" 0 0 0 0 0 0 12 0 0 0 0
"chr1_41443858_C_CA" 0 0 0 0 0 0 0 0 15 0 0
"chr1_41483572_T_TG" 0 0 12 0 0 0 0 0 0 0 0
"chr1_42801137_CA_C" 0 0 0 0 0 0 0 0 12 0 0
"chr1_44634147_A_AG" 0 0 0 0 0 0 0 5 0 0 0
"chr1_45137510_TA_T" 0 0 0 19 0 0 0 0 0 0 0
"chr1_45204847_CA_C" 0 0 15 0 0 0 0 0 0 0 0
"chr1_49561249_T_TA" 1 1 0 0 1 0 0 0 0 16 1
"chr1_50045458_AT_A" 0 0 0 0 0 0 0 0 20 0 1
"chr1_5071879_C_CA" 0 18 0 0 2 0 0 0 0 0 2
"chr1_5248019_AT_A" 0 0 0 1 0 0 0 0 0 1 16
"chr1_53158056_GTCT_G" 0 0 10 0 0 0 0 0 0 0 0
"chr1_54472363_AT_A" 0 0 18 0 0 0 0 0 0 0 0
"chr1_55876112_ACCACAAGGT_A" 0 0 0 0 0 0 0 0 0 12 0
"chr1_57264289_C_CA" 0 0 18 0 0 0 0 0 0 0 0
"chr1_57403677_G_GA" 0 0 0 0 16 0 0 0 1 0 0
"chr1_60593832_A_AT" 0 24 0 0 0 0 0 0 0 0 0
"chr1_63119757_GT_G" 0 2 0 0 4 0 10 0 0 0 0
"chr1_64116019_G_GTATT" 0 0 0 20 0 0 0 0 0 0 0
"chr1_64240346_AG_A" 0 0 0 0 0 0 0 11 0 0 0
"chr1_66643995_TA_T" 0 0 0 0 0 1 0 0 0 0 14
"chr1_66693059_TG_T" 0 12 0 0 0 0 0 0 0 0 0
"chr1_67338602_C_CT" 0 0 0 0 0 0 0 0 0 14 0
"chr1_69819262_A_AT" 2 15 2 1 0 1 0 0 3 0 0
"chr1_69886129_AG_A" 0 0 0 0 15 0 0 0 0 0 0
"chr1_70097466_AT_A" 0 0 3 17 0 1 0 0 1 0 0
"chr1_71730194_TTGGAGAAAATATTATTTGTTCAGA_T" 0 19 0 0 0 0 0 0 0 0 0
"chr1_7178640_TC_T" 0 0 0 0 0 0 0 0 0 0 8
"chr1_72908996_A_AT" 0 0 0 0 0 0 12 0 0 0 0
"chr1_72976321_CTG_C" 0 0 0 0 0 0 0 10 0 0 0
"chr1_73431327_CA_C" 0 0 11 0 0 0 0 0 0 0 0
"chr1_74910699_GC_G" 0 0 0 0 0 11 0 0 0 0 0
"chr1_76512869_T_TTG" 0 0 0 0 0 0 0 0 0 27 0
"chr1_77243134_AG_A" 0 0 9 0 0 0 0 0 0 0 0
"chr1_77409499_C_CT" 0 0 0 0 1 0 1 0 0 14 0
"chr1_78730853_A_AT" 0 0 17 0 0 0 0 0 0 0 0
"chr1_80523765_TA_T" 0 0 15 0 0 0 0 0 0 0 0
"chr1_82309992_A_AT" 1 0 0 0 0 13 0 0 0 0 0
"chr1_83579678_A_AT" 0 0 0 0 0 0 7 0 0 0 0
"chr1_84497635_TAGAAAATACAAATAAA_TCTACATAAAC" 0 15 0 0 0 0 0 0 0 0 0
"chr1_85950272_GT_G" 0 0 1 0 0 0 0 0 0 17 0
"chr1_8952145_G_GT" 0 0 0 0 0 0 0 0 14 0 0
"chr1_89536501_A_AT" 0 0 0 10 0 0 0 1 0 0 0
"chr1_96382455_CTGAAA_C" 0 0 0 0 0 12 0 0 0 0 0
"chr1_97079640_G_GA" 0 0 0 0 0 0 0 10 0 0 0
"chr1_99962828_C_CA" 0 0 0 0 0 0 0 0 0 13 0
"chr10_103177694_AT_A" 0 1 0 0 0 11 1 0 0 0 0
"chr10_103368303_GGCAGA_G" 0 0 0 0 19 0 0 0 0 0 0
"chr10_10402053_A_AT" 0 0 12 0 0 0 0 0 0 0 0
"chr10_104427418_A_AT" 0 0 21 0 0 1 0 1 0 0 0
"chr10_105421403_G_GTA" 0 0 0 0 0 0 9 0 0 0 0
"chr10_106115931_AG_A" 0 0 9 0 0 0 0 0 0 0 0
"chr10_106138524_C_CA" 0 0 15 0 0 0 0 0 0 0 0
"chr10_106339215_G_GATCTACTCACT" 0 0 0 0 0 0 0 11 0 0 0
"chr10_107326690_CT_C" 0 0 0 0 0 0 0 0 17 0 0
"chr10_108000134_T_TA" 0 1 9 0 0 0 0 0 1 0 3
"chr10_108135182_C_CAT" 0 0 8 0 1 0 0 0 1 0 0
"chr10_108179200_T_TA" 0 1 18 3 0 1 0 0 1 0 1
"chr10_110281836_TA_T" 0 0 0 0 0 16 0 0 0 0 0
"chr10_11329648_CAA_C" 0 0 0 0 1 0 0 0 0 0 13
"chr10_113457246_GC_G" 0 0 0 0 0 0 0 0 0 17 0
"chr10_115373727_A_AT" 0 14 1 1 0 0 0 0 1 0 0
"chr10_115858786_T_TA" 1 0 0 0 0 16 0 1 0 0 0
"chr10_120070186_GC_G" 0 0 0 0 0 0 0 0 24 0 0
"chr10_120468688_A_AT" 0 0 22 0 0 0 0 0 0 0 0
"chr10_12285691_C_CT" 0 0 1 1 1 1 0 14 0 2 0
"chr10_123106955_CAT_C" 0 0 0 0 0 0 0 0 0 17 0
"chr10_123595563_G_GT" 0 0 0 0 0 0 0 9 0 0 0
"chr10_123601943_GT_G" 0 20 0 0 0 1 0 0 0 0 0
"chr10_126300407_T_TC" 0 0 9 0 0 0 0 0 0 0 0
"chr10_129803117_CA_C" 0 0 0 0 0 0 0 16 0 0 0
"chr10_130175407_GCCTTACTCATCTGC_G" 0 0 0 0 0 0 0 11 0 0 0
"chr10_133302172_T_TG" 0 17 0 0 0 0 0 0 0 0 0
"chr10_133540817_GA_G" 0 0 0 0 0 16 0 0 0 0 0
"chr10_17054684_C_CA" 0 13 0 0 0 0 0 0 0 0 0
"chr10_19011263_CT_C" 0 0 0 0 0 0 0 0 0 9 0
"chr10_19076304_CATCT_C" 0 0 0 0 1 0 0 11 0 0 0
"chr10_21815671_A_AT" 0 0 11 0 0 0 0 0 0 0 0
"chr10_21906155_C_CT" 0 20 0 0 0 0 0 0 0 0 0
"chr10_22688875_C_CATTAAGTTCCTT" 0 0 0 1 12 0 0 0 0 0 0
"chr10_24681413_AG_A" 0 0 0 0 0 8 0 0 0 0 0
"chr10_25728362_GTTTC_G" 0 0 0 0 0 17 0 0 0 0 0
"chr10_27506304_TA_T" 0 0 0 0 0 0 0 17 0 0 0
"chr10_28855137_C_CT" 0 0 0 1 29 1 0 0 1 1 0
"chr10_29172199_CT_C" 0 0 7 0 0 0 0 0 0 0 0
"chr10_29224702_G_GA" 0 13 0 0 0 0 0 0 0 0 0
"chr10_31375058_C_CAT" 0 17 0 0 0 0 0 0 0 0 0
"chr10_31480810_TCATTTAAAATATTTTCCAAA_T" 0 0 0 0 0 0 0 0 0 0 15
"chr10_31523619_ACT_A" 0 0 0 30 0 0 0 0 0 0 0
"chr10_34708549_C_CA" 0 18 0 0 0 0 0 0 1 0 0
"chr10_35693064_CA_C" 0 14 0 0 0 0 0 0 0 0 0
"chr10_36304491_A_AT" 0 20 0 1 0 0 0 0 0 0 0
"chr10_36457530_AAGG_A" 0 0 0 0 0 0 0 14 0 0 0
"chr10_36792977_AACTGAATC_A" 0 0 0 0 0 0 0 6 0 0 0
"chr10_37008603_AT_A" 0 21 0 0 0 0 0 0 0 0 0
"chr10_37400134_A_AG" 0 0 0 12 0 0 0 0 0 0 0
"chr10_3779220_C_CA" 0 0 0 0 0 0 0 17 0 0 0
"chr10_38678366_GC_G" 0 15 0 0 0 0 0 0 0 0 0
"chr10_39399947_G_GA" 0 17 0 0 1 0 0 0 0 0 0
"chr10_51045746_A_AT" 0 23 0 0 0 0 0 0 0 0 0
"chr10_51941963_AC_A" 0 0 0 0 17 0 0 0 0 0 0
"chr10_52609442_A_AAGAG" 0 0 11 0 0 0 0 0 0 0 0
"chr10_53118277_G_GT" 0 20 0 0 0 0 0 0 0 1 0
"chr10_53823577_GA_G" 0 1 0 1 24 0 0 0 0 0 0
"chr10_54317204_AC_A" 0 0 0 0 0 0 0 14 0 0 0
"chr10_54897597_CTAAG_C" 0 0 0 0 10 0 0 0 0 0 0
"chr10_55848101_C_CA" 0 0 0 0 0 0 0 0 0 13 0
"chr10_55850644_T_TTA" 0 0 5 0 0 0 0 0 0 0 0
"chr10_57379329_T_TA" 0 0 0 21 0 0 0 0 0 0 0
"chr10_6099091_A_AT" 0 0 0 15 1 0 0 0 0 0 0
"chr10_62221469_G_GT" 0 0 0 0 0 0 0 0 22 0 0
"chr10_64116596_A_AT" 0 0 0 0 16 0 0 0 0 0 0
"chr10_66614420_T_TC" 0 11 0 0 0 0 0 0 0 0 0
"chr10_68335963_TGACACTA_T" 0 0 0 0 0 0 0 0 0 0 19
"chr10_69976189_AT_A" 3 23 4 0 0 1 0 1 2 0 0
"chr10_70116880_AACTGGGCAATGGC_A" 0 0 0 0 15 0 0 0 0 0 0
"chr10_71188005_G_GA" 0 0 0 0 0 0 0 0 11 0 0
"chr10_72376947_TGTG_TA" 0 0 0 0 0 0 0 10 0 0 0
"chr10_75709450_A_ATG" 0 1 1 0 1 9 0 0 2 0 0
"chr10_76467048_AG_A" 0 0 0 25 0 0 0 0 0 0 0
"chr10_77574124_CTGTACCCAGACCTATCCTT_C" 0 0 0 0 0 0 0 19 0 0 0
"chr10_79969662_A_AT" 0 12 0 0 0 0 0 0 0 0 0
"chr10_81006676_CA_C" 0 17 0 0 0 0 0 0 0 0 0
"chr10_81514544_TG_T" 1 22 0 0 0 0 0 0 0 0 0
"chr10_81588255_C_CA" 0 0 0 0 0 0 0 0 28 1 0
"chr10_81675913_TA_T" 0 0 0 0 0 0 0 0 17 0 0
"chr10_82514573_G_GT" 0 0 0 0 1 1 0 0 18 0 0
"chr10_82986309_G_GT" 0 0 0 0 0 0 0 0 17 0 1
"chr10_83207443_AT_A" 0 0 20 0 1 1 0 0 0 0 0
"chr10_85027274_GT_G" 0 0 14 0 1 0 0 1 0 0 0
"chr10_8777973_T_TTG" 0 16 0 0 0 0 0 0 0 0 1
"chr10_88037676_C_CT" 4 0 1 1 0 1 1 0 2 0 23
"chr10_8833408_CCTCTGGAGGCT_C" 0 0 0 0 0 11 0 0 0 0 0
"chr10_88671460_GTTAA_G" 0 0 0 0 0 0 0 0 19 0 0
"chr10_88972551_A_AT" 0 1 0 0 0 0 0 0 0 0 13
"chr10_9256413_G_GA" 0 21 0 0 1 1 2 1 0 1 1
"chr10_93092743_A_AT" 0 0 0 0 0 0 0 12 0 0 0
"chr10_9487849_CA_C" 0 0 0 0 0 0 0 0 15 0 0
"chr10_95146655_AAT_A" 0 0 0 0 0 0 0 0 0 19 0
"chr10_9554851_A_ATTTCT" 0 13 0 0 0 0 0 0 0 0 0
"chr10_9833494_T_TA" 0 0 0 0 0 0 0 0 0 0 11
"chr10_98401371_G_GC" 0 0 0 0 0 0 0 0 0 10 0
"chr10_98434976_TGGAAAGAGCACTGGACTGA_T" 0 0 0 18 0 0 0 0 0 0 0
"chr11_100693322_AT_A" 0 0 0 0 0 0 0 0 18 0 0
"chr11_1012128_TCCCGCCATCAGAGGAAAGGCTGCTCCCCGAGGCA_T" 0 0 0 0 14 0 0 0 0 0 0
"chr11_1015117_CGAGGT_C" 0 0 8 0 0 0 0 0 0 0 0
"chr11_1019908_TCTT_TG" 0 0 0 0 0 0 0 0 0 10 0
"chr11_1023092_GTGAA_G" 0 0 0 0 0 0 9 0 0 0 0
"chr11_1032512_T_TA" 0 0 0 0 0 0 5 0 0 0 0
"chr11_104772395_C_CA" 0 0 8 0 1 0 0 0 0 0 0
"chr11_105316394_AAC_A" 0 0 0 9 0 0 0 0 0 0 0
"chr11_105934326_A_AT" 0 0 0 21 0 0 0 0 0 3 1
"chr11_106124877_TA_T" 1 31 0 0 1 0 0 0 0 0 0
"chr11_107496915_C_CA" 1 13 0 0 0 0 0 0 0 0 0
"chr11_107886040_CT_C" 0 0 1 0 0 0 0 15 0 0 0
"chr11_107985685_T_TC" 0 12 0 0 0 0 0 0 0 0 0
"chr11_10935667_TCTC_T" 0 0 0 0 0 0 0 0 0 0 15
"chr11_109994409_T_TC" 0 19 0 0 0 0 0 0 0 0 0
"chr11_11204160_G_GA" 0 0 0 0 0 0 0 0 16 0 0
"chr11_114308627_AAG_A" 0 0 0 0 0 0 0 0 0 0 9
"chr11_115549827_GA_G" 0 0 7 0 0 0 0 0 0 0 0
"chr11_115638964_CT_C" 0 0 0 0 0 0 18 0 0 0 0
"chr11_117507297_TC_T" 0 0 0 0 0 1 0 0 18 0 0
"chr11_118705503_CA_C" 0 0 0 0 20 0 0 0 0 0 0
"chr11_118732024_GTTTTTTTTTTTT_G" 0 0 0 0 14 0 0 0 0 0 0
"chr11_121800932_AC_A" 0 0 9 0 0 0 0 0 0 0 0
"chr11_128134421_G_GT" 0 0 0 0 0 0 0 0 0 16 0
"chr11_130246772_AT_A" 0 0 0 0 0 0 0 0 0 0 20
"chr11_130604270_TC_T" 0 0 0 0 0 0 0 0 35 0 0
"chr11_132489984_TC_T" 0 24 0 0 0 0 0 0 0 0 0
"chr11_133115949_T_TA" 0 0 21 0 0 0 0 0 0 0 0
"chr11_134630224_A_AT" 0 24 0 0 0 0 0 0 0 0 0
"chr11_14361863_C_CA" 0 0 8 0 0 0 0 0 0 0 0
"chr11_21125444_TA_T" 0 0 14 0 0 1 0 0 0 0 3
"chr11_21998706_A_AT" 0 0 15 0 0 0 0 0 0 0 0
"chr11_25194193_AG_A" 0 0 0 0 0 0 0 0 0 9 0
"chr11_27940230_GAGA_G" 0 0 0 0 0 18 0 0 0 0 0
"chr11_27993998_A_AT" 0 0 0 0 23 0 0 0 0 0 0
"chr11_29278404_CT_C" 2 0 10 0 0 0 0 0 1 2 0
"chr11_29679946_CTTTA_C" 0 0 0 0 0 0 12 0 0 0 0
"chr11_31866405_G_GTA" 0 8 0 0 0 1 0 0 0 0 0
"chr11_31920817_T_TAGACCGGAAA" 0 0 0 0 0 0 0 11 0 0 0
"chr11_32520767_T_TA" 0 0 0 18 0 0 0 0 0 0 0
"chr11_33730852_GAACT_G" 0 0 0 0 0 18 0 0 0 0 0
"chr11_33833037_TATGCTCGGCAAATCG_T" 0 0 0 0 0 11 0 0 0 0 0
"chr11_33853134_TG_T" 0 0 0 0 0 0 0 0 0 0 19
"chr11_37236871_TCAGGC_T" 0 0 11 0 0 0 0 0 0 0 0
"chr11_38666452_CT_C" 0 0 17 2 3 0 0 1 1 1 0
"chr11_39520162_GA_G" 0 21 0 0 0 0 0 0 0 0 0
"chr11_3985895_TAAG_T" 0 0 0 0 0 17 0 0 0 0 0
"chr11_39891419_A_AT" 0 0 0 0 0 0 0 0 0 0 26
"chr11_42642094_ATTGT_A" 0 0 0 0 0 0 0 12 0 0 0
"chr11_42848057_TGAA_T" 0 0 10 0 0 0 0 0 0 0 0
"chr11_43938204_T_TG" 0 0 0 15 0 0 1 0 0 0 0
"chr11_45201778_TA_T" 0 10 0 0 0 0 0 0 0 0 0
"chr11_45611036_A_ACT" 0 0 0 0 0 0 11 0 0 0 0
"chr11_46372395_CCTGA_C" 0 0 0 0 0 0 0 0 9 0 0
"chr11_47676179_AT_A" 0 19 0 0 0 0 0 0 0 0 0
"chr11_49364022_A_AT" 0 9 0 0 0 0 0 0 0 0 0
"chr11_50238747_TG_T" 0 0 19 0 0 0 0 0 0 0 0
"chr11_50475853_TGAA_T" 0 0 0 0 1 0 15 0 0 1 0
"chr11_5182897_C_CA" 1 0 0 0 35 0 1 0 3 1 2
"chr11_5310508_GTAGAT_G" 0 0 0 0 0 0 9 0 0 0 0
"chr11_5585726_T_TA" 0 0 0 0 0 0 0 0 13 0 0
"chr11_56142232_T_TA" 0 0 0 0 0 0 0 0 17 0 0
"chr11_57637045_C_CT" 0 1 0 0 0 0 1 0 7 0 0
"chr11_58482253_A_AT" 0 15 0 0 0 0 0 0 0 0 0
"chr11_59901233_G_GA" 0 0 0 0 0 0 1 0 0 0 21
"chr11_61204566_AAC_A" 0 0 0 0 0 0 0 0 0 14 0
"chr11_64719105_G_GA" 0 9 1 0 0 1 0 0 0 0 0
"chr11_65443358_A_ACACACTC" 0 13 0 11 0 0 0 0 0 0 0
"chr11_67385811_C_CT" 0 0 0 0 1 0 0 0 3 14 0
"chr11_68510871_A_AT" 0 6 0 0 0 0 0 0 0 0 0
"chr11_72645475_AC_A" 0 0 0 0 0 0 0 21 0 0 0
"chr11_73031167_T_TA" 0 0 0 0 0 0 0 0 0 15 0
"chr11_73624971_A_AT" 0 0 15 0 0 0 1 0 0 0 0
"chr11_73795104_CG_C" 0 0 0 0 0 0 0 0 0 28 0
"chr11_74284711_AGAAGCATCTCTCTG_A" 0 0 0 0 0 0 0 0 17 0 0
"chr11_75370686_A_AAAGGAATAGGAAAAGTGTCAAG" 0 0 0 0 0 0 0 8 0 0 0
"chr11_78731469_T_TA" 0 0 0 0 0 0 11 0 0 0 0
"chr11_79609481_T_TA" 0 0 0 0 1 19 1 0 0 1 0
"chr11_80449928_T_TA" 0 0 0 0 0 9 0 0 0 0 0
"chr11_80539939_G_GT" 0 14 0 1 0 1 0 0 0 0 0
"chr11_81393825_TA_T" 0 0 0 0 0 10 0 0 0 0 0
"chr11_82125252_GA_G" 0 0 0 0 0 0 0 0 0 23 0
"chr11_85162461_TAGA_T" 0 0 0 0 23 0 0 0 0 0 0
"chr11_88852907_CA_C" 0 0 0 0 1 0 0 0 22 0 0
"chr11_89025680_TG_T" 0 0 0 0 0 0 8 0 0 0 0
"chr11_89037709_AT_A" 0 0 0 0 0 0 0 0 0 19 0
"chr11_89351595_CT_C" 0 0 0 0 0 0 0 24 0 0 0
"chr11_90873688_TA_T" 0 0 0 15 0 0 0 0 0 0 0
"chr11_91135475_C_CA" 0 0 0 0 0 0 8 1 0 0 0
"chr11_9387665_C_CA" 0 0 0 0 0 0 0 0 0 13 0
"chr11_97687465_GA_G" 0 0 10 1 0 0 0 1 0 0 0
"chr11_98133284_T_TA" 0 0 12 0 0 0 0 0 0 0 0
"chr11_99163306_CA_C" 0 0 0 1 0 0 0 0 13 0 0
"chr11_99954182_G_GA" 0 0 0 0 0 0 0 0 12 0 0
"chr12_10344367_CT_C" 1 0 9 0 0 0 0 0 0 0 0
"chr12_104206450_AG_A" 0 0 0 0 0 0 0 0 1 10 0
"chr12_10489466_G_GT" 1 0 0 23 0 0 1 1 0 0 0
"chr12_109730068_TCA_T" 0 19 0 0 0 0 0 0 0 0 0
"chr12_110811344_C_CA" 0 0 10 0 1 0 0 0 0 0 0
"chr12_113312860_G_GCTCATGGGCTTGACTTAGGAGGA" 0 0 0 0 0 0 0 0 0 20 0
"chr12_114694727_T_TA" 0 0 0 0 0 19 0 0 0 0 0
"chr12_115624659_G_GA" 0 0 0 0 19 0 0 0 0 0 0
"chr12_118206593_G_GT" 0 1 1 1 0 0 0 0 18 1 0
"chr12_118668913_CT_C" 0 0 15 0 0 0 0 0 0 0 0
"chr12_119581224_T_TA" 2 19 0 0 0 1 0 1 0 1 0
"chr12_120115960_TATA_T" 0 0 0 0 0 0 0 6 0 0 0
"chr12_12229269_C_CTGA" 0 0 0 0 0 23 0 0 0 0 0
"chr12_126008798_T_TA" 1 0 8 0 0 0 0 0 0 0 0
"chr12_127002764_GT_G" 0 0 16 0 0 0 0 0 0 1 0
"chr12_128208984_A_AT" 0 0 0 0 0 0 0 0 13 0 0
"chr12_12883584_GAGATCTGAGAGCA_G" 0 0 0 0 0 0 0 0 20 0 2
"chr12_131769638_GT_G" 0 0 0 13 0 0 0 0 0 0 0
"chr12_14468837_AAATATCATTTTTGTTATTGTGATG_A" 0 0 27 0 0 0 0 0 0 0 0
"chr12_17068928_C_CT" 0 0 0 0 23 0 0 0 0 0 0
"chr12_17284129_C_CT" 0 1 0 0 10 0 0 0 0 0 0
"chr12_17624785_G_GT" 0 0 0 0 0 0 1 0 12 0 1
"chr12_18615096_G_GTAGTCTTT" 0 15 0 0 0 0 0 0 0 0 0
"chr12_18787533_C_CA" 0 0 0 0 0 0 0 14 0 0 0
"chr12_18788063_CCT_C" 0 22 1 0 0 1 0 0 0 1 0
"chr12_19264405_A_AT" 0 0 0 0 0 0 14 0 0 0 0
"chr12_21113371_AT_A" 2 1 15 0 0 1 0 0 0 0 0
"chr12_24132797_T_TA" 0 16 0 0 0 0 1 0 0 0 0
"chr12_25667626_GTTTA_G" 0 0 0 0 0 0 0 0 0 0 15
"chr12_28514709_T_TA" 0 0 0 0 0 0 0 0 0 0 12
"chr12_28585689_T_TA" 0 0 0 0 0 0 7 0 0 0 0
"chr12_29387014_A_AT" 0 12 0 0 0 1 1 0 1 1 0
"chr12_33229579_AAC_A" 0 0 0 0 17 0 0 0 0 0 0
"chr12_37615439_AC_A" 0 0 0 19 0 0 0 0 0 0 0
"chr12_38226355_G_GT" 0 3 9 0 0 1 0 0 0 0 0
"chr12_38445898_AG_A" 0 0 0 0 0 0 0 7 0 0 0
"chr12_38887529_AT_A" 0 2 11 0 1 0 0 0 0 0 0
"chr12_3889530_TG_T" 0 0 0 0 0 0 0 0 0 25 0
"chr12_39620265_CAG_C" 0 0 0 0 0 0 0 0 9 0 0
"chr12_40183762_TG_T" 0 0 10 0 0 0 0 0 0 0 0
"chr12_41937459_CT_C" 0 0 0 0 0 0 0 0 14 0 1
"chr12_43081895_GT_G" 0 0 0 0 0 0 0 0 27 0 0
"chr12_43382745_GT_G" 0 0 0 0 15 0 0 0 0 0 0
"chr12_45051243_G_GT" 3 4 0 2 0 0 3 13 2 5 0
"chr12_45626241_CTCG_C" 0 0 0 0 0 0 0 0 0 0 19
"chr12_46328470_AAG_A" 0 0 0 0 0 0 0 0 0 18 0
"chr12_47706316_TC_T" 0 0 0 0 0 0 0 0 14 0 0
"chr12_49046647_T_TG" 0 0 1 0 0 0 0 0 0 14 0
"chr12_53725672_TGA_T" 2 0 0 1 0 0 0 0 0 19 0
"chr12_55247982_GA_G" 1 0 0 0 0 0 0 0 21 0 0
"chr12_57053322_TCC_T" 0 11 0 0 0 0 0 0 0 0 0
"chr12_58192966_G_GT" 0 0 0 0 20 0 0 0 0 0 0
"chr12_58878202_T_TA" 0 0 9 0 1 0 0 0 1 0 1
"chr12_59798198_C_CA" 0 0 0 0 0 0 0 0 0 0 21
"chr12_61011917_A_AT" 0 0 0 0 0 0 0 17 0 0 0
"chr12_62680352_C_CCTTT" 0 0 0 6 0 0 0 0 0 0 0
"chr12_65473477_GTTGT_G" 0 0 0 0 0 19 0 0 0 0 1
"chr12_67801954_A_AT" 1 0 0 0 0 1 8 0 0 0 0
"chr12_69762010_CTT_C" 0 0 13 0 0 0 0 0 0 0 0
"chr12_71534575_TA_T" 0 0 0 0 0 16 0 0 0 0 0
"chr12_73134621_TAA_T" 0 0 0 0 0 0 8 0 0 0 0
"chr12_73804049_A_AT" 0 0 10 0 0 0 0 0 0 0 0
"chr12_76197618_GGAGAGAGACACAGAGAGA_G" 0 0 0 0 0 0 0 0 0 17 0
"chr12_76417329_CT_C" 0 0 0 0 0 0 0 11 0 0 0
"chr12_78822445_C_CT" 0 24 0 0 0 0 0 0 0 0 0
"chr12_79388555_T_TA" 0 12 0 0 0 0 0 0 0 1 0
"chr12_81343529_T_TA" 2 0 15 0 0 0 0 0 0 0 0
"chr12_81602276_C_CA" 0 22 0 0 0 0 0 0 0 0 0
"chr12_82657323_TA_T" 0 16 0 0 0 0 0 0 0 0 0
"chr12_83399923_A_AT" 0 0 0 3 21 2 0 1 1 1 0
"chr12_84081610_G_GT" 0 1 0 0 0 0 0 0 0 18 0
"chr12_84234708_A_AT" 0 0 0 0 0 0 13 0 0 0 0
"chr12_86004536_GTTGA_G" 0 0 0 0 0 0 0 0 0 20 0
"chr12_87765471_C_CT" 0 0 12 0 0 0 0 0 0 0 0
"chr12_90240818_T_TA" 0 0 0 0 0 0 9 0 0 0 0
"chr12_90544832_CTG_C" 0 0 0 0 0 0 0 0 16 0 0
"chr12_92178072_A_AT" 0 0 0 15 0 0 0 0 0 0 0
"chr12_92546019_C_CA" 0 0 12 0 0 0 0 0 0 0 0
"chr12_9262791_A_AAT" 0 0 0 0 0 0 7 0 0 0 0
"chr12_95155550_C_CA" 0 0 0 0 2 0 0 0 0 14 0
"chr12_98744005_C_CT" 0 0 0 0 0 1 16 0 0 0 1
"chr12_98747221_C_CA" 0 0 0 0 0 0 0 0 21 0 0
"chr13_100769603_C_CA" 0 13 0 0 0 0 0 0 0 0 0
"chr13_101307585_G_GC" 0 0 0 0 0 15 0 0 0 0 0
"chr13_102993494_TC_T" 0 0 0 0 0 0 0 11 0 0 0
"chr13_103932428_GT_G" 0 0 0 0 0 0 0 0 0 0 10
"chr13_104224150_TA_T" 0 11 0 0 0 0 0 0 0 0 0
"chr13_104839612_TTTAA_T" 0 0 0 0 0 0 13 0 0 0 0
"chr13_106249470_C_CATTGTATT" 0 13 0 0 0 0 0 0 0 0 0
"chr13_107465153_CATT_C" 0 0 14 0 0 0 0 0 0 0 0
"chr13_107567496_TA_T" 0 0 0 20 0 0 0 0 0 0 0
"chr13_109826992_CTT_C" 0 0 0 0 0 0 0 0 0 0 23
"chr13_20239396_AG_A" 0 0 0 0 0 0 0 0 15 0 0
"chr13_24677648_C_CA" 1 0 11 2 1 0 0 1 0 0 0
"chr13_25277944_TTC_T" 0 0 0 0 14 0 0 0 0 0 0
"chr13_30024387_TA_T" 0 0 0 0 16 0 0 0 0 0 0
"chr13_31516443_A_AT" 0 20 1 0 1 2 1 2 0 0 1
"chr13_34107008_T_TA" 0 1 0 1 0 0 12 0 0 0 1
"chr13_35546980_T_TA" 0 0 0 0 0 0 12 0 0 0 0
"chr13_36205602_CATA_C" 0 0 12 0 0 0 0 0 0 0 0
"chr13_37216525_C_CT" 1 0 13 1 0 0 0 0 0 1 0
"chr13_38414222_A_AG" 0 0 15 0 0 0 0 0 0 0 1
"chr13_42246424_T_TA" 0 0 0 0 0 0 7 0 0 0 0
"chr13_42662360_C_CA" 0 0 0 1 1 0 0 13 0 1 4
"chr13_43274632_ATGGCAGCGTAATTT_A" 0 0 0 0 0 0 0 0 0 7 0
"chr13_46923051_A_AT" 0 0 0 0 0 1 1 1 0 0 13
"chr13_47076814_T_TA" 0 19 0 0 0 0 0 0 0 0 0
"chr13_48606492_AT_A" 0 0 0 0 23 0 0 0 0 0 0
"chr13_48773719_TG_T" 0 0 0 21 0 0 0 0 0 0 0
"chr13_49193273_C_CT" 0 3 11 0 0 1 2 0 0 0 1
"chr13_50891134_C_CTT" 0 0 0 14 0 0 0 0 0 0 0
"chr13_51336472_GC_G" 0 0 0 20 0 0 0 0 0 1 0
"chr13_51651144_AG_A" 0 0 0 0 0 0 0 0 0 31 0
"chr13_52874927_A_AT" 0 0 12 0 4 1 0 0 1 0 0
"chr13_53132686_TC_T" 0 0 13 0 0 0 0 0 0 0 0
"chr13_53736185_CA_C" 2 0 0 1 1 14 0 1 0 0 0
"chr13_54022319_CT_C" 0 0 0 0 0 13 0 0 0 1 0
"chr13_54953009_TG_T" 0 0 0 1 0 0 0 0 10 0 0
"chr13_55870877_G_GT" 0 0 0 0 34 0 0 0 0 0 0
"chr13_56223787_AT_A" 1 0 0 0 0 0 0 17 0 0 0
"chr13_56289131_ATTCT_A" 0 0 0 0 0 0 0 0 0 7 0
"chr13_56730076_G_GA" 0 0 0 0 0 0 0 0 0 0 10
"chr13_57368352_T_TA" 0 0 0 0 0 10 0 0 0 0 0
"chr13_58525552_GA_G" 0 0 14 0 0 0 0 0 0 0 0
"chr13_59869518_A_AT" 0 0 0 0 0 0 20 0 0 0 0
"chr13_60865051_G_GTA" 0 0 0 0 0 10 0 0 0 0 0
"chr13_60944927_G_GT" 1 0 11 0 2 0 0 0 1 0 1
"chr13_61251918_CT_C" 0 16 0 0 1 0 0 0 0 0 0
"chr13_62360336_C_CT" 0 0 26 0 2 0 1 0 2 0 0
"chr13_62805980_A_AT" 0 18 0 0 0 0 0 0 0 0 0
"chr13_63035782_TCAA_T" 0 0 21 0 0 0 0 0 0 0 0
"chr13_63062221_AT_A" 0 0 0 0 0 0 0 0 0 0 32
"chr13_63345370_AT_A" 0 0 0 0 0 0 8 0 0 0 0
"chr13_63356438_CT_C" 3 0 1 0 0 0 0 19 0 2 0
"chr13_63517970_AT_A" 0 0 0 0 0 0 0 0 0 22 0
"chr13_66392275_CAT_C" 0 0 0 12 0 0 0 0 0 0 0
"chr13_70399406_T_TG" 0 0 0 0 0 0 0 0 20 0 0
"chr13_74489897_A_AT" 0 22 0 0 0 0 0 0 0 0 0
"chr13_75038319_T_TA" 0 0 15 0 0 0 0 0 0 0 0
"chr13_75392026_AC_A" 0 0 0 15 0 0 0 0 0 0 0
"chr13_75914939_C_CA" 0 0 0 22 0 0 0 0 0 0 0
"chr13_76449728_AT_A" 0 0 11 0 0 0 0 0 0 0 0
"chr13_76824203_AG_A" 0 0 0 0 0 0 0 9 0 0 0
"chr13_77403799_GGTG_GTC" 0 0 0 0 13 0 0 0 0 0 0
"chr13_81135199_GT_G" 0 0 0 0 0 0 0 0 0 0 10
"chr13_82040053_TG_T" 0 19 0 0 0 0 0 0 0 0 0
"chr13_82134438_C_CA" 0 0 0 13 0 0 0 0 0 0 0
"chr13_82543361_CA_C" 0 1 0 0 1 0 0 1 0 0 10
"chr13_83613544_GT_G" 0 0 12 0 0 0 0 0 0 0 0
"chr13_85248281_T_TA" 0 0 0 0 18 0 0 0 0 0 0
"chr13_85461987_CA_C" 1 13 1 0 0 1 1 0 0 0 0
"chr13_86578551_C_CAT" 1 17 0 0 0 0 0 0 1 0 0
"chr13_88716982_C_CT" 0 22 0 1 0 1 0 0 1 1 0
"chr13_90479284_C_CT" 0 11 0 0 0 0 0 0 0 0 0
"chr13_91862719_G_GA" 0 0 0 0 0 0 11 0 1 0 0
"chr13_93167184_A_AT" 0 2 0 0 0 0 0 0 22 0 1
"chr13_93436953_AT_A" 0 0 10 0 0 0 0 0 0 1 0
"chr13_95800828_ACTT_A" 0 26 0 0 0 0 0 0 0 0 0
"chr13_96566655_C_CA" 0 0 0 0 0 0 22 0 0 0 0
"chr13_99489954_TA_T" 0 1 0 0 0 0 0 0 18 0 0
"chr14_100631708_ACT_A" 0 0 13 0 0 0 0 0 0 0 0
"chr14_102641603_T_TA" 5 3 0 0 0 0 0 1 1 13 0
"chr14_103013209_CCTG_C" 0 0 0 0 18 0 0 0 0 0 0
"chr14_105804266_A_AT" 0 0 0 0 0 0 0 0 0 0 14
"chr14_106500773_A_AT" 0 0 0 0 0 0 0 0 20 1 0
"chr14_18456710_TC_T" 0 0 0 0 11 0 0 0 0 0 0
"chr14_21847586_CT_C" 0 0 0 1 0 0 10 0 0 0 1
"chr14_22462269_TAGATTGTCC_T" 0 0 0 0 20 0 0 0 0 0 0
"chr14_23667512_A_AC" 0 0 0 1 12 0 0 0 0 0 0
"chr14_25173247_GT_G" 0 0 0 0 0 0 0 0 0 0 6
"chr14_27415253_T_TTA" 1 0 0 0 1 0 10 0 0 0 0
"chr14_29630444_ACTT_A" 0 0 0 0 0 0 0 7 0 0 0
"chr14_34249730_AG_A" 0 0 0 0 0 0 15 0 0 0 0
"chr14_34407351_TA_T" 0 19 0 0 0 0 0 0 0 0 0
"chr14_34608080_TA_T" 0 0 0 0 22 0 0 0 0 0 0
"chr14_36078786_AT_A" 0 0 0 0 0 0 0 0 0 8 0
"chr14_39995554_C_CT" 0 0 0 12 0 0 0 1 0 0 0
"chr14_40780595_G_GA" 0 0 0 0 0 0 0 6 0 0 0
"chr14_41277272_GA_G" 0 0 13 0 0 0 0 0 0 0 0
"chr14_42287819_T_TA" 0 0 3 0 0 0 1 0 16 0 0
"chr14_43102646_T_TA" 0 1 0 0 1 0 0 12 0 1 0
"chr14_43303806_AGTTT_A" 0 0 0 0 0 0 0 8 0 0 0
"chr14_44015381_AC_A" 0 0 0 0 0 0 0 0 0 0 22
"chr14_44500050_G_GA" 0 0 14 1 0 1 0 0 0 0 0
"chr14_46086723_G_GT" 0 7 0 0 0 0 0 0 2 0 0
"chr14_48028679_TA_T" 0 0 17 0 0 0 0 0 0 0 0
"chr14_48395120_T_TA" 0 0 0 0 0 1 1 0 11 1 0
"chr14_53844068_G_GA" 0 0 10 0 0 0 0 0 0 0 0
"chr14_55026321_T_TA" 0 0 0 2 0 0 2 0 1 23 0
"chr14_55213367_T_TA" 0 0 9 0 0 0 0 0 0 0 0
"chr14_57768242_C_CT" 0 0 9 0 0 0 0 0 0 0 0
"chr14_62308339_TTATAAA_T" 0 0 0 0 0 0 0 0 0 24 0
"chr14_62892325_AAGCC_A" 0 19 0 0 0 0 0 0 0 0 0
"chr14_65497443_GT_G" 0 0 0 0 0 0 11 0 0 0 0
"chr14_70571893_C_CA" 0 8 0 0 0 0 0 0 0 0 0
"chr14_71649159_TC_T" 0 0 0 7 0 0 0 0 0 0 0
"chr14_72529648_A_AC" 0 1 0 0 0 0 8 0 0 0 0
"chr14_72924084_A_AAT" 0 1 0 0 18 0 0 0 0 0 0
"chr14_76003455_G_GT" 0 0 0 0 0 0 0 0 11 0 0
"chr14_76144221_ATAG_A" 0 0 0 0 0 24 0 0 0 0 0
"chr14_78669119_T_TA" 0 3 0 0 0 0 12 0 0 0 1
"chr14_80248663_G_GT" 0 0 0 0 0 0 0 0 0 0 8
"chr14_81696097_C_CT" 0 0 0 22 0 0 0 0 0 2 0
"chr14_84474323_ATG_A" 0 0 0 0 0 0 0 0 4 0 0
"chr14_85166005_CGAAA_C" 0 0 24 0 0 0 0 0 0 0 0
"chr14_86682035_CT_C" 0 0 0 0 0 11 0 0 0 0 0
"chr14_86841224_A_AAT" 0 0 16 0 0 0 0 0 0 0 0
"chr14_87414561_AT_A" 0 0 0 0 20 0 0 0 0 0 0
"chr14_89484637_TA_T" 0 0 0 0 0 0 0 0 0 16 0
"chr14_91016239_A_AT" 3 2 1 1 1 1 1 0 0 16 1
"chr14_92633873_G_GTT" 0 0 13 0 0 0 0 0 0 0 0
"chr14_93920634_C_CCAT" 0 0 0 13 0 0 0 0 0 0 0
"chr14_98187283_AG_A" 0 0 0 13 0 0 0 0 0 0 0
"chr14_98391585_TG_T" 0 0 0 0 0 9 0 0 0 0 0
"chr14_99324974_GGCATGTCATGCCTCCTCC_G" 0 0 0 0 0 0 0 0 9 0 0
"chr15_100458432_AAAAATT_A" 0 0 0 7 0 0 0 0 0 0 0
"chr15_100620897_TC_T" 0 0 0 0 25 0 0 0 0 0 0
"chr15_101798794_TA_T" 0 0 0 0 0 0 18 0 0 0 0
"chr15_24716678_C_CT" 0 2 1 0 27 1 3 0 1 0 0
"chr15_25042593_A_AT" 0 0 12 0 0 0 0 0 0 0 0
"chr15_26148540_CT_C" 0 0 0 0 0 0 0 9 0 0 0
"chr15_26665974_CT_C" 0 0 0 0 0 0 0 0 16 0 0
"chr15_27618919_TA_T" 0 0 13 0 0 0 0 0 0 0 0
"chr15_30067368_T_TA" 0 0 10 0 0 0 0 0 0 0 0
"chr15_32733548_TC_T" 0 0 0 0 0 0 0 0 18 0 0
"chr15_33630335_G_GA" 0 0 1 0 0 0 0 0 16 0 0
"chr15_33887726_AG_A" 0 0 0 0 0 17 0 0 0 0 0
"chr15_33891240_GT_G" 0 0 0 0 0 0 7 0 0 0 0
"chr15_34451223_CTAAG_C" 0 0 0 0 0 0 0 0 17 0 0
"chr15_35200737_GA_G" 0 0 0 0 0 0 0 10 0 1 0
"chr15_36528500_T_TA" 1 0 0 0 0 0 10 0 1 0 0
"chr15_38643591_A_AT" 0 16 0 0 0 0 0 0 0 0 0
"chr15_40717025_C_CA" 2 0 0 0 1 0 0 12 0 3 0
"chr15_42187830_T_TA" 0 7 0 0 0 0 0 0 0 0 0
"chr15_43216727_G_GT" 0 0 0 0 17 0 0 0 0 0 0
"chr15_43309645_CA_C" 0 0 0 0 0 0 0 1 0 0 22
"chr15_48985735_CCT_C" 0 0 0 0 12 0 0 0 0 0 0
"chr15_49448290_TA_T" 0 22 0 0 0 0 0 0 0 0 0
"chr15_49941546_T_TA" 0 13 1 1 0 0 1 0 0 0 0
"chr15_50149289_AGAGT_A" 0 0 12 0 0 0 0 0 0 0 0
"chr15_54912646_T_TA" 1 0 0 0 0 0 0 0 11 0 0
"chr15_61273030_TC_T" 0 0 0 0 0 0 0 0 29 0 0
"chr15_62660182_A_AT" 0 0 0 9 0 0 0 0 0 0 0
"chr15_63549450_ACTT_A" 0 0 0 0 0 17 1 0 0 0 0
"chr15_64067750_GA_G" 0 0 0 0 0 0 0 0 0 0 23
"chr15_64683204_T_TGA" 0 0 0 0 0 0 18 1 0 0 0
"chr15_65001703_A_AT" 0 0 0 11 0 0 0 0 0 0 1
"chr15_67472433_AC_A" 0 0 0 0 13 0 0 0 0 0 0
"chr15_67987448_GAA_G" 0 0 0 0 0 0 6 0 0 0 0
"chr15_68475706_TC_T" 0 0 8 0 0 0 0 0 0 0 0
"chr15_68818051_TAAAA_T" 0 0 0 0 0 0 0 15 0 0 0
"chr15_68827069_G_GA" 0 0 15 0 0 0 0 0 0 0 0
"chr15_70936823_G_GT" 0 0 0 0 0 19 0 0 0 0 0
"chr15_72392993_G_GC" 0 0 0 0 0 0 0 9 0 0 0
"chr15_73440591_AATATT_A" 0 0 13 0 0 0 0 0 0 0 0
"chr15_74131134_GTAC_G" 0 0 0 0 0 0 0 0 0 0 17
"chr15_74613462_C_CA" 0 0 10 0 0 0 0 0 0 0 0
"chr15_85876173_T_TA" 0 0 9 0 2 0 0 1 0 0 1
"chr15_87101998_CA_C" 0 0 12 0 0 0 0 0 0 0 0
"chr15_87788226_AT_A" 0 0 0 0 0 0 0 6 0 0 0
"chr15_90811197_AT_A" 0 28 0 0 0 0 0 0 0 0 0
"chr15_95575452_CAT_C" 0 0 11 0 0 0 1 0 0 0 0
"chr15_95941351_A_AT" 0 0 11 0 0 0 0 0 0 0 0
"chr15_96296902_GA_G" 1 0 17 0 0 1 0 1 3 0 1
"chr16_10316002_CA_C" 0 0 0 0 0 14 0 0 0 0 0
"chr16_15797313_CAT_C" 0 15 0 0 0 0 0 0 0 0 0
"chr16_15998769_TC_T" 0 0 0 0 0 0 0 0 0 15 0
"chr16_16642978_CA_C" 0 0 0 12 0 0 0 0 0 0 0
"chr16_17335836_G_GA" 0 0 0 0 0 0 12 0 0 0 0
"chr16_19114146_GCCAGAAGCTGGCCGA_G" 0 0 0 0 0 0 0 0 0 26 0
"chr16_19488444_C_CT" 0 0 0 0 0 0 0 0 16 0 0
"chr16_20900839_CGCCGCG_C" 0 0 0 0 0 0 0 0 16 0 0
"chr16_23940411_G_GA" 2 2 0 0 1 1 0 0 24 1 0
"chr16_2417154_A_AG" 0 13 0 0 0 0 0 0 0 0 0
"chr16_28169042_TAA_T" 0 0 14 0 0 0 0 0 0 0 0
"chr16_28837208_T_TA" 0 0 14 0 0 0 0 0 0 0 0
"chr16_29558282_A_AT" 0 16 0 0 0 0 0 0 0 0 0
"chr16_30132649_AG_A" 0 1 0 0 16 0 0 0 0 0 0
"chr16_30633241_ATTTGCTTTTGTT_A" 1 0 0 0 0 0 2 16 0 1 0
"chr16_3137561_TG_T" 0 0 0 0 0 0 0 0 0 0 14
"chr16_31461858_CCAGGTTATTGATGTGAGAGA_C" 0 0 0 0 0 0 7 0 0 0 0
"chr16_35193129_C_CA" 0 0 0 0 0 15 0 0 0 0 0
"chr16_35355142_G_GT" 0 0 0 0 0 0 0 20 0 0 0
"chr16_35381675_G_GA" 0 0 0 1 18 0 0 0 0 0 0
"chr16_35516132_GA_G" 0 0 13 0 0 1 0 0 0 0 0
"chr16_35631373_A_AT" 0 0 0 18 0 0 0 0 0 0 0
"chr16_35764415_C_CA" 0 0 0 0 0 0 14 0 0 0 0
"chr16_3619384_CAG_C" 0 0 7 0 0 1 0 0 0 0 0
"chr16_51774989_AAGC_A" 0 0 0 5 0 0 0 0 0 0 0
"chr16_545051_TG_T" 0 10 0 0 0 0 0 0 0 0 0
"chr16_56792821_TAG_T" 0 0 8 0 0 0 0 0 0 0 0
"chr16_60218158_AC_A" 0 0 0 0 0 14 0 0 0 0 0
"chr16_60517982_GA_G" 0 0 16 0 2 1 0 0 0 0 0
"chr16_60762892_AT_A" 0 0 0 0 0 0 11 0 0 0 0
"chr16_61579480_GC_G" 0 0 0 0 0 0 0 11 0 0 0
"chr16_61754489_G_GT" 0 0 18 0 0 0 1 0 0 0 1
"chr16_61933716_A_AT" 0 0 0 0 13 0 1 0 0 1 0
"chr16_62061268_GA_G" 0 0 9 0 0 0 0 0 0 0 0
"chr16_62301405_C_CT" 0 0 0 0 1 17 0 0 0 0 0
"chr16_62334307_C_CT" 0 27 0 0 0 0 0 0 0 0 0
"chr16_63742387_A_AC" 1 2 13 3 2 0 5 3 1 4 0
"chr16_63855133_TA_T" 0 0 0 17 0 0 0 0 0 0 0
"chr16_6394810_CT_C" 0 0 0 0 0 0 0 0 0 19 0
"chr16_64550509_TAAATA_T" 0 0 0 0 0 0 0 0 10 0 0
"chr16_64640416_CT_C" 0 0 0 27 0 1 0 0 1 0 2
"chr16_65167145_TC_T" 0 0 0 0 0 0 0 0 0 32 0
"chr16_65423237_AGTGGACACAGGTGCTCAGGGAAG_A" 0 0 11 0 0 0 0 0 0 0 0
"chr16_66051215_T_TA" 0 0 7 0 0 0 0 0 0 0 0
"chr16_69925088_GC_G" 0 0 0 0 0 0 0 15 0 0 0
"chr16_71728295_ATACAC_AAT" 0 0 0 0 0 0 0 0 0 0 16
"chr16_73536935_TA_T" 0 0 13 0 0 0 0 0 0 2 1
"chr16_73881407_T_TGAAG" 0 0 0 0 10 0 0 0 0 0 0
"chr16_74182227_C_CA" 0 0 0 0 0 0 9 0 0 0 0
"chr16_76899677_TA_T" 0 0 0 0 1 20 0 0 0 0 0
"chr16_78443656_A_ATTATTTAATGAACATT" 0 7 0 0 0 0 0 0 0 0 0
"chr16_79493193_G_GT" 0 0 0 0 0 0 8 0 0 0 0
"chr16_80396369_C_CA" 1 16 2 0 2 2 0 0 0 2 0
"chr16_82304393_TC_T" 0 0 0 0 7 0 0 0 0 0 0
"chr16_86932079_TC_T" 0 0 0 0 0 0 0 0 15 0 0
"chr16_89873245_CGGGGACAGGCCCCG_C" 0 0 0 0 0 12 0 0 0 0 0
"chr16_9890196_C_CA" 0 0 0 0 0 13 0 1 0 0 0
"chr17_10401841_G_GT" 0 1 0 15 0 0 1 3 0 0 0
"chr17_13107311_C_CA" 0 7 0 1 0 0 0 0 0 0 0
"chr17_13475671_GC_G" 0 0 0 0 0 1 9 0 0 0 0
"chr17_14518868_GA_G" 0 0 12 0 0 0 0 0 0 0 0
"chr17_1500623_CCAAAGTGCTGGATTA_C" 0 0 0 0 23 0 0 0 0 0 0
"chr17_17357972_TC_T" 0 0 0 0 0 0 0 30 0 0 0
"chr17_19627119_C_CT" 0 2 0 15 1 0 1 1 0 0 0
"chr17_19976887_CT_C" 0 0 0 0 0 0 0 0 23 0 0
"chr17_2643021_A_AT" 0 0 11 0 0 0 0 0 0 0 0
"chr17_27279842_GC_G" 0 0 0 0 0 0 0 14 0 0 0
"chr17_30125503_TAGTGGGAA_T" 0 0 0 0 0 0 0 8 0 0 0
"chr17_34379291_AT_A" 0 0 0 0 16 1 0 0 0 0 0
"chr17_36747050_T_TA" 0 0 0 0 11 0 2 1 2 0 0
"chr17_36867904_GCAACATGCCAACCA_G" 0 0 0 0 0 0 0 14 0 0 0
"chr17_36909486_C_CA" 0 0 14 1 0 0 0 0 0 0 0
"chr17_42659794_T_TA" 0 0 0 0 0 0 11 0 0 0 0
"chr17_44059117_TA_T" 0 0 0 0 0 0 0 0 0 0 17
"chr17_47722772_ATC_A" 0 0 12 0 0 0 0 0 0 0 0
"chr17_48657702_CG_C" 0 0 0 18 0 0 0 0 0 0 0
"chr17_50659163_CACTG_C" 0 0 0 0 0 0 6 0 0 0 0
"chr17_51343174_G_GT" 1 0 1 0 0 0 0 1 3 22 1
"chr17_53922018_T_TA" 2 17 0 2 0 0 1 1 0 0 0
"chr17_54266689_C_CA" 0 0 19 0 0 0 0 0 0 0 0
"chr17_55112424_GTATT_G" 0 0 0 20 0 0 0 0 0 0 0
"chr17_55146957_TC_T" 0 0 0 0 0 0 0 0 0 20 0
"chr17_58124482_CA_C" 0 0 0 0 0 0 0 0 0 21 0
"chr17_61290956_AT_A" 0 0 12 0 0 0 0 0 0 0 1
"chr17_61635932_CTGTTGT_C" 0 0 0 0 0 9 0 0 0 0 0
"chr17_62420977_C_CA" 0 0 12 1 0 0 0 0 0 0 0
"chr17_62572692_GT_G" 0 0 0 20 0 0 0 0 0 0 0
"chr17_63286360_GA_G" 0 0 0 0 0 0 16 0 0 0 0
"chr17_63758499_CT_C" 0 9 0 0 0 0 0 0 0 0 0
"chr17_64603845_A_ATTAC" 0 20 0 0 0 0 0 0 0 0 0
"chr17_64982567_A_AT" 1 0 0 0 3 0 10 2 0 0 0
"chr17_67672953_ATTC_A" 0 0 9 0 0 0 0 0 0 0 0
"chr17_68871006_A_AT" 0 0 0 0 0 0 22 0 0 0 0
"chr17_6891454_T_TA" 0 3 12 0 0 0 2 0 0 1 0
"chr17_71816571_G_GT" 0 0 1 26 1 1 0 0 0 0 0
"chr17_8165448_C_CT" 1 14 1 0 1 0 1 0 1 2 1
"chr17_8187694_ACTGCACTC_A" 0 0 9 0 0 0 0 0 0 0 0
"chr17_8842867_AG_A" 0 0 0 0 0 0 0 0 0 11 0
"chr17_9531496_A_AGTTACC" 0 7 0 0 0 0 0 0 0 0 0
"chr18_10459599_C_CA" 1 0 0 0 0 1 0 0 10 0 0
"chr18_10741065_C_CT" 0 0 12 0 0 0 1 1 0 0 0
"chr18_15345958_G_GC" 0 0 0 15 0 0 0 0 0 1 0
"chr18_21117605_ATC_A" 0 0 0 0 0 0 0 0 0 0 14
"chr18_21483067_TA_T" 0 0 0 0 0 0 0 13 0 0 0
"chr18_21720711_GGCTGAGA_G" 0 13 0 0 0 0 0 0 0 0 0
"chr18_25750705_A_AT" 0 0 2 0 0 0 0 12 0 0 0
"chr18_26189145_G_GA" 0 0 15 0 0 0 0 0 0 0 0
"chr18_31337238_G_GT" 0 0 0 0 0 11 0 0 1 0 0
"chr18_34987034_G_GA" 0 0 0 0 0 0 0 0 0 0 20
"chr18_35143086_A_AG" 0 0 0 0 0 1 0 0 0 0 12
"chr18_36451153_CA_C" 0 0 0 0 0 0 0 0 0 1 28
"chr18_36741997_C_CT" 0 0 14 0 0 0 0 0 0 0 0
"chr18_36848398_CAT_C" 0 0 0 18 0 0 0 0 0 0 0
"chr18_38818048_C_CAT" 0 0 4 0 0 0 0 0 0 0 0
"chr18_40180466_C_CA" 0 0 1 0 0 0 1 0 0 0 8
"chr18_40189733_GA_G" 0 22 0 0 0 0 0 0 0 0 0
"chr18_40977736_CTTCAAGAAA_C" 0 0 1 0 0 0 22 0 0 0 0
"chr18_42186430_AG_A" 0 0 0 0 0 0 0 0 0 16 0
"chr18_42470027_TTCTGG_T" 0 0 0 0 0 0 0 0 0 0 17
"chr18_43696585_TA_T" 0 0 0 0 0 0 0 0 0 0 8
"chr18_43828185_C_CT" 0 18 1 3 1 0 0 0 0 1 2
"chr18_44339621_AT_A" 0 0 0 19 0 0 0 0 0 0 0
"chr18_44488281_TAATA_T" 0 1 0 0 21 0 0 0 0 0 0
"chr18_45353709_TGA_T" 0 0 0 0 0 26 0 0 0 0 0
"chr18_4663900_A_AT" 1 2 0 2 18 2 0 0 0 0 0
"chr18_47734500_TGAAGGA_T" 0 18 0 0 0 0 0 0 0 0 0
"chr18_48964375_AGGGGCTTGAGCCCTGGGGTCCCAGAT_A" 0 0 0 0 0 0 0 0 0 0 10
"chr18_50765905_AACCTCTGTCCATT_A" 0 0 0 13 0 0 0 0 0 0 0
"chr18_5121755_GA_G" 0 0 14 0 0 0 0 0 0 1 0
"chr18_52865699_G_GT" 0 0 7 0 0 0 0 0 0 0 0
"chr18_53024357_CTT_C" 0 0 0 0 0 0 15 0 0 0 0
"chr18_53141095_T_TA" 0 0 14 1 0 1 0 0 0 0 0
"chr18_54899704_CTCTTTT_C" 0 0 0 15 0 0 0 0 0 0 0
"chr18_55143192_ATG_A" 0 0 0 0 0 0 0 4 0 0 0
"chr18_55991160_C_CT" 0 0 2 0 16 0 0 0 1 0 3
"chr18_56157111_CA_C" 0 1 0 9 0 0 0 0 0 0 0
"chr18_57766433_TG_T" 0 0 0 0 0 0 0 6 0 0 0
"chr18_5851373_G_GA" 0 0 0 0 0 0 0 0 1 14 0
"chr18_58840713_C_CA" 1 19 0 1 0 0 0 0 0 1 0
"chr18_6023876_AC_A" 0 0 0 0 0 0 0 19 0 0 0
"chr18_60851796_GA_G" 0 0 0 0 0 0 0 0 0 20 0
"chr18_61893698_AGATG_A" 0 0 0 0 0 0 0 0 0 0 11
"chr18_65075593_T_TTC" 0 11 1 0 1 0 2 0 2 0 0
"chr18_65096865_TAAATA_T" 0 0 0 0 0 0 11 0 0 0 0
"chr18_65775665_G_GA" 0 0 1 0 0 0 0 0 14 0 0
"chr18_66456807_G_GT" 0 0 0 0 13 21 0 0 0 0 0
"chr18_66730329_AT_A" 1 0 0 0 0 0 0 16 0 0 0
"chr18_68336370_TG_T" 0 0 0 25 0 0 0 0 0 0 0
"chr18_68663681_AC_A" 0 0 0 0 0 0 0 0 0 10 0
"chr18_69002731_A_AT" 0 0 0 0 0 0 0 0 17 2 0
"chr18_69896901_ATGAAAGTC_A" 0 0 0 0 0 0 0 0 0 0 16
"chr18_70576012_TG_T" 0 0 0 27 0 0 0 0 0 0 0
"chr18_72296991_G_GA" 1 0 0 1 1 0 14 1 1 0 0
"chr18_72428799_AG_A" 0 0 18 0 0 0 0 0 0 0 0
"chr18_73499264_TGTCTAGAG_T" 0 1 0 8 0 0 0 0 0 0 0
"chr18_73554290_T_TA" 0 0 0 21 0 0 0 0 0 0 0
"chr18_75885589_TA_T" 0 0 0 0 0 0 0 0 0 9 0
"chr18_76928383_AT_A" 0 0 16 0 0 0 0 0 0 0 0
"chr18_77830350_AT_A" 0 0 15 0 1 0 0 0 0 0 0
"chr18_9441434_T_TA" 0 0 0 0 0 0 0 0 18 1 0
"chr19_13338063_C_CA" 0 0 0 0 0 0 0 0 0 10 0
"chr19_14128115_GGAGGCTTGGCAA_G" 0 0 0 0 0 0 5 0 0 0 0
"chr19_16644439_T_TC" 0 18 1 0 0 0 0 0 0 0 0
"chr19_17626237_CATCT_C" 0 0 15 0 0 0 0 0 0 0 0
"chr19_20432454_TAGGTTTAGGCC_T" 0 0 0 0 0 0 0 0 13 0 0
"chr19_22568119_CA_C" 0 0 0 0 0 0 0 0 0 0 26
"chr19_24288424_G_GA" 0 19 0 0 0 0 1 0 0 0 0
"chr19_28317778_AT_A" 0 11 0 0 0 0 0 4 0 0 0
"chr19_28450053_GT_G" 1 0 0 1 0 0 11 0 0 0 0
"chr19_28557607_AACATGAATGATTGCTGAATCTATTTTTTGTCATT_A" 0 17 0 0 0 0 0 0 0 0 0
"chr19_30894394_C_CA" 0 0 0 0 0 10 0 0 0 0 0
"chr19_31693268_CT_C" 0 20 0 0 0 0 0 0 0 0 0
"chr19_32448118_AAAAC_A" 0 0 0 0 14 0 0 0 0 0 0
"chr19_32638646_TC_T" 0 0 0 0 0 0 0 0 0 0 19
"chr19_34439956_G_GA" 0 18 0 0 1 0 0 0 0 0 0
"chr19_34506024_CTGGGAGTCCCAGCCCGTCCCTGGA_C" 0 0 0 0 0 0 0 21 0 0 0
"chr19_36715916_AAT_A" 0 0 0 0 0 13 0 0 0 0 0
"chr19_38123421_AGT_A" 0 0 0 13 0 0 0 0 0 0 0
"chr19_3910131_A_AC" 0 10 0 0 0 0 1 0 0 0 0
"chr19_39116887_A_AT" 0 0 10 0 0 0 0 0 0 0 0
"chr19_47211845_TG_T" 0 0 0 0 0 0 0 0 11 0 0
"chr19_51170751_TG_T" 0 0 0 19 0 0 0 0 0 0 0
"chr19_51844993_TA_T" 0 0 20 0 0 0 0 0 0 0 0
"chr19_53631290_CTAAA_C" 0 0 0 0 4 0 0 0 0 0 0
"chr19_9342238_CATAGT_C" 0 0 14 0 0 0 0 0 0 0 0
"chr2_100070614_A_AT" 0 0 14 0 0 0 0 0 0 0 0
"chr2_101503180_A_AGGCTGGTC" 0 11 0 0 0 0 0 0 0 0 0
"chr2_103426230_TG_T" 0 0 0 0 0 0 0 0 0 0 10
"chr2_103612930_GA_G" 0 0 0 0 9 0 0 0 0 0 1
"chr2_103617002_G_GT" 0 12 0 0 0 0 0 0 0 1 0
"chr2_103729757_CCAAA_C" 0 0 0 9 0 0 0 0 0 0 0
"chr2_104397878_G_GA" 0 0 0 12 0 0 0 1 0 1 0
"chr2_104618559_T_TA" 0 11 0 0 0 0 0 0 0 0 0
"chr2_10477972_C_CT" 0 13 0 0 0 0 1 1 0 0 3
"chr2_105962986_T_TA" 0 0 0 0 0 1 0 0 0 21 1
"chr2_109598783_GGCA_G" 0 0 0 0 0 15 0 0 0 0 0
"chr2_11038520_G_GTGAGCC" 0 0 0 0 0 0 11 0 0 0 0
"chr2_111468390_T_TA" 0 0 0 0 0 0 0 0 0 11 0
"chr2_111597078_CT_C" 0 0 0 8 0 0 0 0 0 0 0
"chr2_112107997_AAAC_A" 0 0 0 0 0 8 0 0 0 0 0
"chr2_114600830_TAAA_T" 0 0 0 0 0 0 15 0 0 0 0
"chr2_114956844_GA_G" 0 17 0 1 0 0 0 0 0 0 0
"chr2_115218067_CAG_C" 0 0 16 0 0 0 0 0 0 0 0
"chr2_116415808_G_GA" 0 0 0 0 0 1 0 0 1 12 0
"chr2_116442069_ACT_A" 0 0 14 0 0 0 0 0 0 0 0
"chr2_116764970_TG_T" 0 0 0 0 0 0 0 0 13 0 0
"chr2_117623620_A_ACGGAGTCT" 0 16 0 9 0 0 0 0 0 0 0
"chr2_118579699_A_AT" 0 0 0 0 0 0 0 0 0 0 6
"chr2_119993363_TG_T" 0 0 0 0 0 0 0 0 24 0 0
"chr2_122342995_A_AAT" 0 0 0 1 0 10 0 0 1 0 0
"chr2_123169420_TA_T" 0 1 0 0 13 0 0 0 0 0 0
"chr2_125579580_C_CAT" 1 0 0 1 0 0 11 0 0 0 0
"chr2_126215894_CT_C" 0 0 1 0 0 0 0 0 0 13 0
"chr2_126837200_C_CAG" 0 0 0 0 0 0 0 0 17 0 0
"chr2_132094984_C_CT" 0 0 12 0 0 0 0 0 0 0 0
"chr2_137022105_G_GT" 0 0 0 0 0 14 0 0 0 0 0
"chr2_137280519_A_AT" 0 0 17 0 0 0 0 0 0 0 0
"chr2_138899916_AT_A" 0 0 0 0 20 0 0 0 0 0 0
"chr2_142388141_T_TA" 0 0 11 0 1 2 1 0 3 0 0
"chr2_143439024_GA_G" 0 0 0 1 0 0 0 0 0 0 19
"chr2_147618725_C_CA" 0 0 0 0 0 0 1 1 0 0 10
"chr2_150747434_A_AG" 0 9 0 0 0 0 0 0 0 0 0
"chr2_151265271_C_CA" 0 0 16 0 0 0 0 0 0 0 0
"chr2_151629073_C_CA" 0 1 0 0 2 0 3 2 23 1 0
"chr2_152527132_T_TA" 0 0 0 0 0 0 0 0 23 0 0
"chr2_153891361_CT_C" 0 1 1 0 0 1 14 0 0 1 0
"chr2_154102704_CA_C" 0 1 1 9 0 0 0 0 0 0 0
"chr2_154115429_A_AT" 0 0 1 13 0 0 0 0 1 0 0
"chr2_154356186_CT_C" 0 0 0 0 0 0 13 0 0 0 0
"chr2_155108348_AT_A" 0 0 0 0 0 0 13 0 0 0 0
"chr2_157659488_C_CT" 0 0 0 0 1 0 0 0 18 1 0
"chr2_157771334_CTGTT_C" 0 0 0 0 0 0 0 0 0 16 0
"chr2_161232251_TA_T" 0 0 0 0 0 0 0 0 18 3 0
"chr2_161661831_C_CA" 0 0 0 10 0 0 0 0 0 0 1
"chr2_161882334_AT_A" 0 0 12 0 0 0 0 0 0 0 1
"chr2_162254432_CA_C" 0 0 0 0 0 0 0 0 15 0 0
"chr2_162682993_TC_T" 0 0 0 0 18 0 0 0 0 0 0
"chr2_164663958_TA_T" 0 0 0 0 0 0 0 0 0 24 0
"chr2_165884456_CTGCAGAT_C" 0 0 0 0 0 0 0 13 0 0 0
"chr2_167314453_CCTCTGA_C" 0 0 11 0 0 0 0 0 0 0 0
"chr2_167612148_A_AT" 0 0 0 0 0 0 12 0 0 0 0
"chr2_167663294_AT_A" 0 0 10 0 0 0 0 0 0 0 0
"chr2_170679414_C_CA" 0 0 19 0 0 0 0 0 0 0 0
"chr2_176480368_T_TG" 0 0 12 0 0 0 0 0 0 0 0
"chr2_176780488_TA_T" 0 0 0 0 0 11 0 0 0 0 0
"chr2_177113460_A_AT" 0 1 8 1 0 0 0 0 0 0 0
"chr2_179066300_GT_G" 0 0 0 0 0 0 0 10 0 0 0
"chr2_181637720_AC_A" 0 0 0 0 0 0 0 0 0 0 20
"chr2_182497057_G_GA" 0 0 0 0 0 0 0 0 10 1 0
"chr2_184249520_T_TA" 0 0 0 0 0 0 0 0 0 0 17
"chr2_184705609_AT_A" 0 1 18 0 0 0 0 0 0 0 0
"chr2_186424801_TAGAC_T" 0 0 0 0 13 0 0 0 0 0 0
"chr2_187224632_AT_A" 0 0 0 0 17 0 0 0 0 0 0
"chr2_19261737_C_CA" 0 0 10 0 0 0 0 1 0 0 0
"chr2_192926684_G_GT" 0 0 0 0 0 0 0 0 0 19 0
"chr2_193985560_A_AT" 1 1 0 3 0 17 0 0 1 0 1
"chr2_194050281_AT_A" 0 0 7 0 0 0 0 0 0 0 0
"chr2_194202989_TTAAG_T" 0 0 0 0 0 0 0 0 0 0 16
"chr2_196472124_G_GA" 0 2 0 0 0 0 2 1 2 20 3
"chr2_198859162_C_CA" 0 0 0 14 0 0 0 0 0 0 0
"chr2_2012091_TAAG_T" 0 0 11 0 0 0 0 0 0 0 0
"chr2_206309703_TA_T" 0 0 0 0 22 0 0 0 0 0 0
"chr2_207624513_G_GA" 0 0 0 0 0 0 0 0 0 15 0
"chr2_207756801_TTAAGTA_T" 0 0 10 0 0 0 0 0 0 0 0
"chr2_209114868_G_GA" 0 0 0 0 0 0 0 0 22 0 0
"chr2_209266688_AC_A" 0 0 0 0 0 0 0 0 0 0 30
"chr2_210304317_A_AT" 0 15 0 1 2 0 0 0 0 0 0
"chr2_212228840_AT_A" 0 0 17 0 0 0 0 1 0 0 0
"chr2_214113143_TC_T" 0 0 0 0 0 18 0 0 0 0 0
"chr2_214992667_GC_G" 0 0 0 0 0 0 0 0 0 0 13
"chr2_217013678_GA_G" 0 0 0 0 0 0 0 0 0 13 0
"chr2_217046732_GTGCTGGGATTACA_G" 0 0 0 1 0 0 14 0 0 0 0
"chr2_218308604_T_TC" 0 0 0 2 1 2 0 0 0 9 0
"chr2_219022906_GGGACCAT_G" 0 0 0 14 0 0 0 0 0 0 0
"chr2_220421462_GA_G" 0 16 0 0 0 0 0 0 0 0 0
"chr2_2205135_GA_G" 0 12 0 0 0 0 0 0 0 0 1
"chr2_221329827_G_GA" 0 0 10 0 0 0 0 0 0 0 0
"chr2_221450680_A_AT" 0 0 0 0 0 0 1 0 0 23 0
"chr2_221949194_T_TA" 0 0 15 0 0 0 0 0 0 0 0
"chr2_222560225_AG_A" 0 0 0 0 12 0 0 0 0 0 0
"chr2_222867722_A_AT" 0 0 11 0 0 0 1 0 0 2 0
"chr2_223500084_ATATTTATGAATCAGATCATTAAAGC_A" 0 0 0 0 0 0 0 0 0 0 12
"chr2_227237166_TAAGA_T" 0 0 0 0 15 0 0 0 0 0 0
"chr2_22726320_AT_A" 0 0 0 15 0 0 0 0 0 0 0
"chr2_228291658_AG_A" 0 0 0 0 0 1 0 0 0 0 16
"chr2_229058214_G_GA" 0 0 7 0 0 1 0 0 0 0 0
"chr2_229409664_CT_C" 0 0 0 0 0 0 0 0 0 13 0
"chr2_229996110_T_TA" 1 13 3 1 2 0 0 0 0 0 1
"chr2_230365857_T_TA" 0 1 0 0 0 0 10 0 0 0 0
"chr2_233426526_G_GT" 0 0 0 0 0 0 0 0 15 0 0
"chr2_233998347_A_AT" 0 0 10 0 0 0 0 0 0 0 0
"chr2_234319797_A_AT" 0 0 0 0 0 11 0 0 0 0 0
"chr2_24084069_GC_G" 0 0 0 0 0 0 0 0 16 0 0
"chr2_25999230_T_TTC" 2 0 0 1 11 8 0 0 0 1 0
"chr2_26574290_GTCTGGTGCA_G" 0 0 0 0 0 0 0 0 5 0 0
"chr2_27913776_CTTTT_C" 0 0 13 0 0 0 0 0 0 0 0
"chr2_32570035_AT_A" 0 0 0 0 0 0 0 5 0 0 0
"chr2_33026633_G_GA" 0 15 1 0 1 0 1 0 0 0 0
"chr2_34608198_GT_G" 0 8 0 0 0 0 0 0 0 0 0
"chr2_35113963_T_TA" 1 0 0 0 0 0 0 0 9 0 0
"chr2_35307368_AT_A" 0 0 0 1 2 1 8 0 2 0 0
"chr2_40534233_T_TAAGCTAG" 0 0 0 0 0 11 0 0 0 0 0
"chr2_42272282_TC_T" 0 0 0 16 0 0 0 0 0 0 0
"chr2_46165930_CT_C" 0 0 0 0 13 0 0 0 0 0 0
"chr2_4638262_C_CA" 0 0 0 0 1 0 0 0 0 1 9
"chr2_4665190_TCTC_T" 0 0 0 13 0 0 0 0 0 0 0
"chr2_49291846_AC_A" 0 0 0 0 0 0 0 0 0 0 15
"chr2_51169988_GC_G" 0 0 14 0 0 0 0 0 0 0 0
"chr2_5152793_AG_A" 0 0 0 0 0 0 0 11 0 0 0
"chr2_51679972_GA_G" 0 0 0 0 0 0 0 13 0 1 1
"chr2_5263144_CA_C" 0 0 10 0 0 0 0 0 0 0 0
"chr2_52800848_A_AT" 0 0 0 0 0 0 8 0 0 0 0
"chr2_53101461_T_TA" 0 0 0 19 0 0 0 0 0 0 0
"chr2_54187016_A_AT" 3 0 1 1 2 1 2 0 0 25 2
"chr2_55226657_AGTCTTGC_A" 0 0 0 0 0 0 0 8 0 0 0
"chr2_56124980_C_CA" 0 0 0 0 0 0 0 10 0 0 0
"chr2_56403088_ACTCTTCTGACTGAAAAAG_A" 0 0 0 0 0 0 0 0 0 9 0
"chr2_56726235_C_CA" 0 0 17 0 1 0 0 1 0 0 0
"chr2_59320161_G_GA" 0 0 0 16 0 0 0 0 0 0 0
"chr2_63239223_C_CT" 0 0 0 1 0 13 0 0 0 0 0
"chr2_63275572_AT_A" 0 0 0 0 0 0 0 0 0 0 16
"chr2_64408552_CA_C" 0 0 0 0 14 0 0 0 0 0 0
"chr2_66055574_TAATC_T" 0 0 0 0 0 0 0 0 0 19 0
"chr2_68266389_A_AT" 0 0 0 0 0 0 9 0 0 0 0
"chr2_68580255_TG_T" 0 0 0 0 0 0 0 0 0 0 16
"chr2_70380262_T_TTA" 0 0 6 0 0 0 0 0 0 0 0
"chr2_7164262_A_AT" 0 12 0 0 0 0 0 0 0 0 0
"chr2_72389746_AT_A" 0 0 0 0 0 0 0 0 0 23 0
"chr2_73032369_CA_C" 0 0 0 0 0 0 14 0 0 0 0
"chr2_7306406_TTTG_T" 0 0 16 0 0 0 0 0 0 0 0
"chr2_7368905_GA_G" 0 0 0 0 0 0 0 0 21 0 0
"chr2_7390857_GT_G" 0 0 0 0 0 0 0 0 0 0 12
"chr2_74303750_TCTTTCAGCTC_T" 0 0 0 0 0 11 0 0 0 0 0
"chr2_74932140_AGG_A" 0 0 0 0 23 0 0 0 0 0 0
"chr2_75126273_T_TTA" 0 7 0 0 0 0 0 0 0 0 0
"chr2_75238602_GATATA_G" 0 0 0 0 18 0 0 0 0 0 0
"chr2_75357042_AT_A" 1 2 0 2 0 1 1 2 0 20 0
"chr2_76902348_TA_T" 1 0 26 0 0 0 0 0 0 0 0
"chr2_77989478_A_AT" 0 0 0 0 0 0 0 0 0 24 0
"chr2_78460810_CT_C" 0 0 0 12 0 0 1 1 0 0 0
"chr2_78789869_AG_A" 0 0 0 0 0 0 0 0 0 0 14
"chr2_80723866_C_CT" 0 14 1 0 1 0 0 0 0 0 0
"chr2_80932927_AT_A" 0 0 0 0 0 0 7 0 0 0 1
"chr2_81648234_G_GT" 0 15 0 1 0 0 0 0 0 0 0
"chr2_95076098_TC_T" 0 0 0 12 0 0 0 0 0 0 0
"chr2_95553716_C_CT" 5 0 0 21 1 1 1 0 0 1 2
"chr2_96925084_GCAGGCTGGGCCTGCGCCA_G" 0 0 0 0 0 0 0 10 0 0 0
"chr2_98588692_GGCCAT_G" 0 0 0 0 0 0 0 0 0 12 0
"chr20_10464014_TA_T" 0 0 0 0 0 0 0 21 0 0 0
"chr20_17118614_CT_C" 0 0 0 0 0 0 0 0 10 0 0
"chr20_17537066_ACT_A" 0 0 17 0 0 0 0 0 0 0 0
"chr20_17854957_A_AT" 0 0 1 1 0 0 6 0 0 0 0
"chr20_18706444_GA_G" 0 0 0 0 0 17 0 0 0 0 0
"chr20_20061476_AG_A" 0 0 0 0 0 0 0 14 0 0 0
"chr20_20556078_GCCCTGGGCAACCTTTTTGCA_G" 0 0 0 0 0 0 0 0 0 0 6
"chr20_21377022_T_TA" 0 11 0 0 0 0 0 0 0 0 0
"chr20_21988923_ATTAC_A" 0 0 16 0 0 0 0 0 0 0 0
"chr20_22424945_G_GA" 0 0 13 0 0 1 0 0 0 0 0
"chr20_24927646_CA_C" 1 0 0 15 0 0 0 0 0 0 0
"chr20_25031419_TA_T" 0 0 0 0 0 0 0 15 0 0 0
"chr20_25231274_GA_G" 0 0 0 0 0 0 9 0 0 0 0
"chr20_31663976_CTTTG_C" 0 0 0 0 0 0 16 0 0 0 0
"chr20_32275218_G_GT" 0 0 0 0 25 0 1 0 0 3 0
"chr20_36059952_CA_C" 0 0 0 0 0 15 0 0 0 0 0
"chr20_37030118_T_TA" 0 0 20 0 0 0 0 0 0 0 0
"chr20_40373892_GT_G" 0 0 19 1 0 0 0 0 0 0 0
"chr20_40438565_G_GT" 1 1 0 0 0 14 0 1 0 0 0
"chr20_42319331_AT_A" 1 8 0 0 0 0 0 2 1 0 0
"chr20_45053299_TTAAA_T" 0 0 0 0 0 0 10 0 0 0 0
"chr20_45118672_C_CT" 2 1 1 18 0 1 0 1 0 0 2
"chr20_51551268_C_CA" 1 0 0 0 0 0 0 9 0 0 0
"chr20_51877091_C_CA" 0 0 11 0 0 0 0 0 1 0 1
"chr20_53096947_CA_C" 0 0 0 0 0 1 0 1 0 2 10
"chr20_58473236_CT_C" 0 0 0 0 19 0 1 0 0 2 1
"chr20_60714165_G_GA" 0 0 0 16 0 0 0 0 0 0 0
"chr20_61956896_CT_C" 0 0 0 0 0 16 0 0 0 0 0
"chr20_6281419_AT_A" 0 0 21 1 0 0 0 0 0 0 0
"chr20_6759594_T_TG" 1 0 12 0 0 0 1 2 0 0 0
"chr20_9824136_C_CA" 0 0 15 0 0 0 0 0 0 0 0
"chr21_13225426_G_GA" 0 0 0 22 0 0 0 0 0 0 0
"chr21_15935585_G_GT" 0 0 0 0 1 0 0 1 1 19 2
"chr21_16287383_AT_A" 0 0 18 0 0 0 0 0 0 0 0
"chr21_16835855_G_GT" 0 19 0 1 1 2 2 2 5 0 0
"chr21_17281226_G_GA" 0 0 0 1 2 2 0 0 18 0 0
"chr21_17513894_T_TAA" 0 0 0 0 18 0 0 0 0 0 0
"chr21_18735309_C_CT" 0 0 14 0 0 0 0 0 0 0 0
"chr21_19801607_CT_C" 0 0 0 0 16 0 0 0 0 0 0
"chr21_20448296_TTA_T" 0 17 0 0 0 0 0 0 0 0 0
"chr21_20715815_G_GT" 0 10 0 0 0 1 0 0 0 0 0
"chr21_21478715_C_CT" 0 0 0 0 0 0 10 0 0 0 0
"chr21_21628123_AT_A" 0 0 0 0 1 0 2 0 16 0 0
"chr21_21748807_T_TG" 0 13 0 0 1 0 0 0 0 1 1
"chr21_23069136_TA_T" 0 0 0 1 0 0 0 0 0 19 0
"chr21_23307811_C_CT" 0 0 13 0 0 0 0 0 0 0 0
"chr21_23495693_CA_C" 0 0 0 0 0 0 0 0 18 0 0
"chr21_24919217_GC_G" 0 18 0 0 0 0 0 0 0 0 0
"chr21_25337723_A_AT" 0 0 0 0 1 14 0 1 0 0 0
"chr21_25389107_C_CA" 1 0 19 0 0 0 0 0 0 0 1
"chr21_28945226_T_TA" 0 0 0 17 0 0 0 0 0 0 0
"chr21_30084207_C_CA" 0 0 0 20 0 0 0 0 0 0 0
"chr21_30248257_T_TA" 0 0 2 0 0 14 0 1 0 0 1
"chr21_34613501_G_GA" 0 13 0 0 0 0 0 0 0 0 0
"chr21_35493719_C_CA" 0 0 0 0 0 0 0 13 0 0 0
"chr21_38124814_C_CA" 1 0 13 0 2 3 1 0 0 1 0
"chr21_39862527_G_GGAATAA" 0 0 0 0 0 0 0 0 18 0 0
"chr21_40477957_GA_G" 0 19 0 2 1 0 0 0 0 0 0
"chr21_42750915_GAGTCT_G" 0 14 0 0 1 0 0 0 0 0 0
"chr22_12201485_AT_A" 0 15 0 0 0 0 0 0 0 1 0
"chr22_17425884_TC_T" 0 0 0 0 0 0 10 0 0 0 0
"chr22_25038688_AC_A" 0 0 0 0 0 0 0 10 0 0 0
"chr22_28081897_CT_C" 0 23 0 0 0 0 0 0 0 0 0
"chr22_29322226_TAAA_T" 0 0 0 14 0 0 0 0 0 0 0
"chr22_29832361_GGAA_G" 0 0 11 0 0 0 0 0 0 0 0
"chr22_32698526_G_GT" 0 1 1 0 0 0 9 0 0 0 0
"chr22_33669720_AC_A" 0 13 0 0 0 0 0 0 0 1 0
"chr22_35983657_TCAAATCCTGGATGG_T" 0 0 0 0 0 0 0 0 14 0 0
"chr22_36092880_CT_C" 0 0 0 0 0 7 0 0 0 0 0
"chr22_36698023_TC_T" 0 0 0 2 0 0 18 0 0 1 0
"chr22_41209280_A_AT" 0 0 1 0 0 0 1 14 0 0 0
"chr22_45184360_TTA_T" 0 0 13 0 0 0 0 0 0 0 0
"chr22_45719991_G_GA" 0 19 0 0 2 0 2 1 1 1 0
"chr22_47694288_TA_T" 0 11 0 0 0 0 0 0 0 0 0
"chr3_101712399_C_CA" 1 0 22 0 0 0 0 1 0 0 0
"chr3_102889140_AC_A" 0 0 0 0 0 0 0 0 0 0 18
"chr3_103935573_CA_C" 0 0 0 0 26 0 0 0 0 0 0
"chr3_105126636_G_GA" 0 1 0 0 0 0 0 0 19 0 0
"chr3_109041155_C_CA" 0 20 0 0 0 0 0 0 0 0 0
"chr3_114512535_CTTTA_C" 0 0 0 0 0 0 7 0 0 0 0
"chr3_11508838_AGT_A" 0 0 0 0 0 0 8 0 0 0 0
"chr3_117588838_G_GA" 0 1 0 0 2 0 0 0 20 0 0
"chr3_117993983_G_GT" 2 1 0 1 1 0 0 0 2 21 0
"chr3_118912233_GT_G" 0 13 0 0 1 0 0 0 0 1 0
"chr3_119250340_C_CA" 0 0 1 0 0 1 0 0 0 14 1
"chr3_120258644_CT_C" 0 0 0 0 0 0 0 16 0 0 0
"chr3_1210246_AT_A" 0 0 0 0 0 0 0 0 16 0 0
"chr3_121738602_CA_C" 0 0 0 0 0 0 11 0 0 0 0
"chr3_125088828_A_AT" 0 0 0 0 1 0 0 0 13 0 0
"chr3_128528976_AG_A" 0 0 0 0 0 0 0 0 22 0 0
"chr3_130505419_A_AAAAGG" 0 0 0 8 0 0 0 0 0 0 0
"chr3_131546084_C_CA" 0 0 18 0 0 0 0 0 0 0 0
"chr3_135513536_C_CAG" 0 0 12 0 0 0 0 0 0 0 0
"chr3_137696790_C_CT" 0 0 0 0 0 0 0 0 15 0 12
"chr3_137827597_C_CT" 1 1 22 0 0 1 0 0 1 0 0
"chr3_137833856_AT_A" 0 1 0 1 0 0 0 0 19 0 0
"chr3_139130716_CA_C" 0 0 8 1 0 0 0 0 0 0 0
"chr3_14021284_AG_A" 0 0 0 0 0 0 0 22 0 0 0
"chr3_140530003_G_GA" 0 0 0 0 0 0 0 0 0 17 0
"chr3_140607997_C_CA" 0 0 14 0 0 0 0 0 0 0 0
"chr3_142221041_CA_C" 0 1 0 0 0 0 14 0 0 0 0
"chr3_142579042_AGAGAAGCAAGACTTCCGCATCGGGG_A" 0 0 0 0 0 0 16 0 0 0 0
"chr3_143118312_G_GA" 0 0 8 0 0 0 0 0 0 0 0
"chr3_147742302_G_GA" 0 0 0 0 1 0 0 19 0 0 0
"chr3_148914195_AAAGAT_A" 0 0 0 0 0 0 10 0 0 0 0
"chr3_149212319_T_TA" 1 1 1 1 0 0 2 3 17 0 0
"chr3_14967549_A_AT" 0 0 0 0 0 0 10 0 0 0 0
"chr3_151855455_G_GTA" 0 0 0 12 0 0 0 0 0 0 0
"chr3_154687262_C_CA" 0 0 0 0 0 0 0 0 14 0 0
"chr3_16079979_CT_C" 0 0 0 0 19 0 0 0 0 0 0
"chr3_161037687_CT_C" 0 0 0 0 0 0 0 0 6 0 0
"chr3_161597428_A_AT" 1 0 0 17 1 0 0 0 0 0 0
"chr3_162479626_A_AT" 0 0 0 13 0 0 0 0 0 0 0
"chr3_163474472_ACT_A" 0 0 11 0 0 0 0 0 0 0 0
"chr3_163736457_C_CA" 0 1 0 1 13 2 0 1 0 0 1
"chr3_164062029_AAAAC_A" 0 31 0 0 0 1 0 0 0 0 0
"chr3_164678495_ACTTT_A" 0 0 0 0 0 0 0 0 0 0 15
"chr3_165831890_AT_A" 0 0 0 0 0 0 0 0 0 17 0
"chr3_165846741_GA_G" 0 0 20 0 0 0 0 0 0 0 0
"chr3_165942525_GA_G" 0 0 0 0 0 31 0 0 0 0 0
"chr3_166232998_AC_A" 0 0 0 0 0 0 0 0 0 17 0
"chr3_1664153_GT_G" 0 0 0 0 0 22 0 0 0 0 0
"chr3_166463861_C_CA" 1 0 11 0 0 0 0 0 0 0 0
"chr3_168558602_C_CT" 0 1 21 0 1 0 0 0 4 1 0
"chr3_169160303_A_AT" 2 0 0 0 0 0 1 3 1 11 0
"chr3_170257498_C_CT" 0 0 0 0 0 0 10 0 0 0 0
"chr3_171945440_A_AAT" 0 0 0 10 0 0 0 0 0 0 0
"chr3_172120567_T_TG" 2 0 0 0 2 0 0 2 0 10 1
"chr3_174857673_G_GTA" 2 0 0 1 0 0 0 11 2 0 0
"chr3_175377386_G_GT" 1 0 0 1 0 0 0 0 12 1 0
"chr3_176233167_C_CA" 0 0 0 11 0 0 1 0 0 0 0
"chr3_176235887_AC_A" 0 0 0 0 0 0 0 0 0 11 0
"chr3_176254490_TA_T" 0 20 0 0 0 0 0 0 0 0 0
"chr3_176553142_A_AT" 0 0 0 0 0 0 0 0 17 1 0
"chr3_178012322_C_CA" 1 0 0 0 0 0 10 0 0 0 0
"chr3_183445043_A_AT" 0 18 0 0 0 0 0 0 0 0 0
"chr3_188283460_GCTTGATA_G" 0 0 0 13 0 0 0 0 0 0 0
"chr3_190035639_CT_C" 0 0 0 0 0 0 0 10 0 0 0
"chr3_190894548_GTTC_G" 0 0 9 0 0 0 0 0 0 0 0
"chr3_194802536_A_AT" 1 0 0 0 0 10 0 0 2 1 1
"chr3_194882754_TG_T" 0 0 0 0 0 0 0 0 1 10 0
"chr3_1994812_A_AT" 0 1 12 0 0 0 0 0 0 0 1
"chr3_21053730_TC_T" 0 26 0 0 0 0 0 0 0 0 0
"chr3_23621997_C_CA" 0 21 0 0 0 0 0 0 0 0 0
"chr3_2406035_G_GA" 0 4 0 17 0 0 0 0 0 0 1
"chr3_25397536_GC_G" 0 0 0 13 0 0 0 0 0 0 0
"chr3_2653403_ATT_A" 0 21 0 0 0 0 0 0 0 0 0
"chr3_27987142_T_TA" 0 0 0 0 0 0 0 1 22 0 0
"chr3_28321792_CAG_C" 0 0 0 13 0 0 0 0 0 0 0
"chr3_28362385_C_CA" 0 0 0 0 0 0 0 0 0 0 8
"chr3_28824654_CTA_C" 0 0 0 9 0 0 0 0 0 0 0
"chr3_29161092_TA_T" 0 0 0 1 1 0 2 10 0 0 0
"chr3_30163084_T_TG" 0 0 0 0 0 0 0 0 13 0 0
"chr3_30360593_C_CT" 0 19 0 0 1 1 0 1 1 0 0
"chr3_30811607_GA_G" 0 0 0 0 0 0 15 0 0 0 0
"chr3_30824279_G_GA" 0 0 1 14 1 0 0 0 0 0 1
"chr3_3111460_G_GTA" 0 0 9 0 0 0 1 0 0 0 0
"chr3_31745691_GTTGTTTAAT_G" 0 0 0 0 0 0 0 0 0 0 16
"chr3_32267635_AAAAG_A" 0 0 0 0 0 0 0 12 0 0 0
"chr3_33487927_GCCAGGCT_G" 0 0 16 0 0 0 0 0 0 0 0
"chr3_35691613_G_GT" 0 20 0 0 0 0 0 0 0 0 0
"chr3_35932715_GA_G" 0 0 15 0 0 0 0 0 0 0 0
"chr3_36295892_A_AACAAT" 0 0 0 0 15 0 0 0 0 0 0
"chr3_39525117_GA_G" 0 15 1 0 0 0 0 0 1 0 0
"chr3_40549524_CTT_C" 0 24 0 0 0 0 0 0 0 0 0
"chr3_46425991_T_TTA" 0 0 0 0 24 0 0 0 0 0 0
"chr3_5323623_C_CA" 0 6 0 0 0 0 1 0 1 0 0
"chr3_53248196_TG_T" 0 0 16 0 0 0 0 0 0 0 0
"chr3_56776015_CT_C" 0 0 0 0 0 0 0 0 0 0 9
"chr3_59505394_TCC_T" 0 0 0 0 0 0 0 16 0 0 0
"chr3_59589458_TA_T" 0 0 0 0 13 0 0 0 0 0 0
"chr3_59642503_C_CA" 0 30 0 0 0 0 0 0 0 0 0
"chr3_5998009_AG_A" 0 0 0 0 0 0 0 0 17 0 0
"chr3_60073110_TAAAC_T" 0 0 15 0 0 0 0 0 0 0 0
"chr3_6182594_C_CA" 0 9 0 0 0 0 0 0 0 0 0
"chr3_65555558_TA_T" 0 0 0 0 4 0 0 0 0 0 0
"chr3_6560377_C_CT" 0 0 0 0 0 0 0 0 6 0 0
"chr3_67562144_TAGGGTA_T" 0 0 0 0 0 0 0 0 0 0 13
"chr3_68475139_AT_A" 2 0 10 0 0 0 0 0 1 1 0
"chr3_6884606_AT_A" 0 0 0 12 2 0 0 0 0 0 0
"chr3_690845_GA_G" 0 0 0 0 0 0 0 0 27 0 0
"chr3_69671507_T_TA" 0 21 0 0 0 0 0 0 0 0 0
"chr3_71294620_G_GT" 0 0 9 0 0 0 0 0 0 0 0
"chr3_74424885_CT_C" 0 0 0 0 0 0 15 0 0 0 0
"chr3_77230391_C_CT" 0 1 9 0 0 0 0 1 0 0 0
"chr3_77236430_AG_A" 0 0 0 0 0 0 0 0 16 0 0
"chr3_78454467_TA_T" 1 12 0 1 0 0 0 0 1 0 0
"chr3_78476512_A_AT" 0 0 0 0 0 11 0 0 0 0 0
"chr3_81802197_CA_C" 1 0 14 0 0 0 0 1 0 0 0
"chr3_83021219_AT_A" 0 0 7 0 0 0 0 0 0 0 0
"chr3_83408410_AT_A" 0 0 0 0 0 12 0 0 0 0 0
"chr3_83430580_G_GT" 0 1 15 2 0 0 0 0 0 0 0
"chr3_83453457_GT_G" 0 0 0 0 0 0 0 0 0 0 8
"chr3_83826607_TA_T" 0 0 0 0 14 0 0 0 0 0 0
"chr3_83831934_T_TA" 0 16 0 0 0 0 0 0 0 0 0
"chr3_83946012_CT_C" 0 22 0 1 1 0 0 2 1 0 0
"chr3_84353266_AACATATATGAG_A" 0 0 0 0 0 0 11 0 1 0 0
"chr3_84361203_G_GT" 0 0 0 0 1 0 3 14 1 0 0
"chr3_84542669_CT_C" 1 21 0 0 0 0 0 0 0 0 0
"chr3_84973087_A_AT" 0 0 0 0 0 0 0 13 0 0 0
"chr3_85267363_T_TA" 0 0 0 1 0 0 0 0 0 8 0
"chr3_86323968_T_TA" 0 20 1 0 0 0 0 0 0 1 0
"chr3_88700054_C_CA" 0 0 0 25 1 0 0 0 0 0 1
"chr3_90317807_A_AAGACTG" 0 19 0 0 0 0 0 0 0 0 0
"chr3_99074936_TA_T" 0 0 0 0 0 18 0 0 0 0 0
"chr4_100088661_C_CT" 0 0 0 0 1 0 0 5 0 0 0
"chr4_100800950_G_GA" 0 0 12 0 0 0 0 0 0 0 0
"chr4_101079876_G_GA" 0 0 0 0 16 0 0 0 0 0 0
"chr4_101333769_C_CA" 0 0 0 0 0 0 8 0 0 0 0
"chr4_103791714_G_GA" 0 8 0 2 0 0 0 0 0 0 0
"chr4_104009544_AG_A" 0 12 0 0 0 0 0 0 0 0 0
"chr4_10633643_A_AT" 0 0 0 0 8 0 0 0 0 0 0
"chr4_106628758_G_GA" 0 0 0 0 0 0 0 0 0 0 16
"chr4_111188784_GC_G" 0 16 0 0 0 0 0 0 0 0 0
"chr4_111316973_AT_A" 0 0 0 0 0 0 7 0 0 0 0
"chr4_111514978_TG_T" 0 14 0 0 0 0 0 0 0 0 0
"chr4_113066030_C_CA" 0 0 10 0 0 0 0 0 0 0 0
"chr4_113552266_ATTT_A" 0 0 0 0 0 0 0 0 0 0 13
"chr4_113841212_AC_A" 0 1 0 0 22 0 0 0 0 0 0
"chr4_114397012_CA_C" 0 0 0 0 27 0 0 0 0 0 0
"chr4_116121146_AT_A" 0 0 0 0 0 0 0 6 0 0 0
"chr4_116434152_C_CT" 0 10 0 0 0 0 0 0 0 0 0
"chr4_117023528_A_AT" 0 12 0 0 0 0 0 0 0 0 0
"chr4_117450651_CA_C" 0 0 0 1 0 0 0 0 16 0 0
"chr4_119215944_CA_C" 1 0 11 0 0 0 0 0 0 0 0
"chr4_120262230_TA_T" 0 0 0 0 0 0 0 0 0 15 0
"chr4_12180713_CA_C" 0 0 0 0 0 0 0 0 0 0 14
"chr4_122112530_C_CA" 0 0 0 0 0 0 0 0 0 19 0
"chr4_123416038_A_AT" 0 0 0 12 0 1 0 0 0 0 0
"chr4_123832274_CATTTGAGTCAGGAGGATGAG_C" 0 0 0 0 12 0 0 0 0 0 0
"chr4_124223844_AG_A" 0 0 0 0 0 0 0 19 0 0 0
"chr4_12460105_CA_C" 0 1 18 0 0 1 0 1 0 0 1
"chr4_124826353_A_AT" 0 0 0 0 0 16 0 0 0 0 0
"chr4_126001698_C_CT" 0 0 0 0 16 0 0 0 0 0 0
"chr4_127107322_TGGGATTATATAAAGAGACTGAATCTATGACAGATTAGTGTACCTGAAAGAGATAA_T" 0 0 0 0 0 0 0 17 0 0 0
"chr4_128502615_T_TA" 0 19 0 0 0 0 0 0 0 0 0
"chr4_128802779_C_CT" 0 0 13 0 1 1 0 0 0 0 0
"chr4_131871618_GATGTCTATTTTTGCTCTGTTTTA_G" 0 0 0 0 0 0 0 0 0 16 0
"chr4_132363064_G_GTA" 0 1 0 0 0 0 0 0 12 0 1
"chr4_133216778_CA_C" 0 0 0 0 0 0 0 0 0 16 0
"chr4_134124179_GT_G" 0 0 0 0 12 0 0 0 0 0 0
"chr4_134151922_A_AT" 0 0 0 0 0 0 0 0 0 7 0
"chr4_134234118_C_CT" 0 0 0 0 0 0 0 7 0 0 0
"chr4_135337273_A_AT" 0 17 0 0 0 0 0 0 0 0 0
"chr4_135726487_A_AT" 0 20 0 0 0 0 0 0 0 0 0
"chr4_135778696_CT_C" 0 0 0 0 0 0 0 10 0 0 0
"chr4_135996611_AC_A" 0 0 13 0 0 0 0 0 0 0 0
"chr4_136017366_TA_T" 0 0 0 0 0 0 0 0 1 15 0
"chr4_136100204_AT_A" 0 0 0 0 0 0 0 14 0 0 0
"chr4_136178437_AT_A" 0 14 0 0 0 0 0 1 0 0 0
"chr4_136196402_CAA_C" 0 0 0 0 0 0 0 0 0 0 23
"chr4_136213249_AT_A" 0 0 0 0 0 11 0 0 0 0 0
"chr4_136398302_TC_T" 0 0 0 0 19 0 0 0 0 0 0
"chr4_137963993_ATG_A" 0 0 0 0 0 0 0 0 0 0 8
"chr4_139788082_TGAGGCACCA_T" 0 28 0 0 0 0 0 0 0 0 0
"chr4_14008060_G_GA" 2 0 1 1 0 2 4 0 21 0 1
"chr4_140919692_AG_A" 0 0 0 0 0 0 8 0 0 0 1
"chr4_142907963_ACT_A" 0 0 0 0 0 0 0 0 0 0 23
"chr4_143807864_GT_G" 0 0 0 0 0 17 1 0 0 0 0
"chr4_144365916_TTTGA_T" 0 0 0 0 16 0 0 0 0 0 0
"chr4_144491983_G_GT" 2 0 0 2 0 18 0 1 0 0 1
"chr4_145135668_CCACA_C" 0 0 0 17 0 0 0 0 0 0 0
"chr4_148567696_AAC_A" 0 0 15 0 0 0 0 0 0 0 0
"chr4_152646070_TC_T" 0 0 13 0 0 0 0 0 0 0 0
"chr4_154113880_T_TA" 0 0 0 16 0 0 0 0 0 0 0
"chr4_155024674_T_TA" 0 0 5 0 0 0 0 0 0 0 0
"chr4_155203469_G_GT" 0 1 0 0 0 18 0 0 1 0 0
"chr4_155763891_A_AT" 1 0 12 0 0 0 0 0 0 0 0
"chr4_155800953_A_AT" 1 0 17 1 0 0 0 0 1 1 0
"chr4_156082940_CAG_C" 0 0 10 0 0 0 0 0 0 0 0
"chr4_157106591_C_CT" 1 15 0 0 0 0 0 1 1 0 0
"chr4_157936279_A_AT" 4 15 0 0 0 0 0 2 0 0 0
"chr4_160639683_AG_A" 0 20 0 0 0 0 0 0 0 0 0
"chr4_16337074_GTA_G" 0 0 0 0 0 0 0 0 25 0 0
"chr4_164000733_AT_A" 0 0 0 0 0 0 0 0 0 30 0
"chr4_164600449_T_TA" 0 0 0 0 0 0 14 1 0 0 0
"chr4_166486299_C_CT" 0 0 0 29 0 0 0 0 0 0 0
"chr4_167221457_T_TA" 0 0 0 0 0 0 13 0 0 0 0
"chr4_170529567_GT_G" 0 0 0 0 0 1 11 0 0 0 0
"chr4_173366655_C_CT" 0 0 8 0 0 0 0 0 0 0 0
"chr4_173827508_ACTT_A" 0 14 0 0 0 0 0 0 0 0 0
"chr4_175375965_GA_G" 0 20 0 0 0 0 0 0 0 0 0
"chr4_176639405_GA_G" 0 0 0 0 16 0 0 0 0 0 0
"chr4_177080242_GT_G" 0 0 0 0 0 20 0 0 0 0 0
"chr4_177816447_A_AT" 0 0 0 1 0 13 1 0 1 0 0
"chr4_178474131_CT_C" 0 0 1 0 1 0 1 0 0 0 16
"chr4_180046978_AG_A" 0 2 0 0 1 0 0 0 21 1 0
"chr4_180363315_CT_C" 0 1 10 0 0 0 0 0 0 0 0
"chr4_180921767_G_GA" 1 0 0 1 0 0 0 0 17 0 0
"chr4_180985308_G_GT" 0 0 0 1 0 0 0 0 12 0 0
"chr4_181148385_G_GT" 0 17 0 0 0 0 0 0 0 0 0
"chr4_183043657_C_CA" 1 12 0 4 0 2 0 0 0 0 1
"chr4_19275024_T_TA" 0 20 0 0 0 0 0 0 0 0 0
"chr4_24169170_G_GA" 0 0 12 0 0 0 0 0 0 0 0
"chr4_24817366_TG_T" 0 13 0 0 0 0 0 0 0 0 0
"chr4_25566563_GT_G" 0 0 0 0 0 0 0 0 0 22 0
"chr4_2677959_GT_G" 0 0 0 0 0 0 0 0 0 16 0
"chr4_27028138_G_GT" 0 19 0 0 0 0 0 0 0 0 0
"chr4_27659959_TTTA_T" 0 0 0 0 8 0 0 0 0 0 0
"chr4_28610845_AT_A" 0 0 0 0 0 0 14 0 0 0 0
"chr4_28839306_G_GA" 0 0 0 0 0 0 0 0 0 13 0
"chr4_30111461_G_GA" 0 0 0 0 0 0 0 0 0 31 0
"chr4_31609403_G_GA" 2 0 0 15 2 0 0 0 0 0 2
"chr4_31869401_AT_A" 0 16 0 0 0 0 0 0 0 0 0
"chr4_31944546_GA_G" 0 0 0 0 0 0 0 0 1 9 0
"chr4_32098778_TA_T" 0 22 0 0 0 0 0 0 0 0 0
"chr4_32931914_C_CA" 0 21 0 0 0 0 0 1 0 0 0
"chr4_34582113_A_AT" 0 20 0 0 0 1 0 0 0 0 0
"chr4_34636593_G_GA" 0 0 0 25 0 0 0 0 0 0 0
"chr4_34743422_GT_G" 0 0 0 0 0 0 0 1 0 11 1
"chr4_34817898_T_TA" 0 16 0 0 0 0 0 0 0 0 0
"chr4_35366008_G_GT" 0 0 0 0 0 0 0 0 0 22 1
"chr4_35576283_GT_G" 0 0 0 0 0 0 0 7 0 0 0
"chr4_37076282_G_GA" 0 0 14 0 1 0 0 0 0 0 0
"chr4_37351313_C_CT" 0 0 16 0 0 0 0 0 0 0 0
"chr4_39059302_GA_G" 0 0 0 1 14 1 1 0 0 0 0
"chr4_39551505_A_AT" 0 0 0 0 0 0 0 0 0 15 0
"chr4_43004603_CAGTGTGCCCTGG_C" 0 0 0 0 0 0 0 0 11 0 0
"chr4_43477305_A_AT" 0 1 0 0 0 1 0 0 1 2 18
"chr4_45845538_TA_T" 0 0 11 0 1 0 0 0 0 0 0
"chr4_46089022_CTCTTTA_CCTACT" 0 0 0 0 0 0 0 0 0 0 8
"chr4_46422900_AT_A" 0 0 0 1 18 1 0 0 0 0 0
"chr4_47387045_C_CT" 0 0 16 0 0 0 0 0 0 0 0
"chr4_47910769_AT_A" 0 0 0 0 0 0 12 0 0 0 0
"chr4_51882338_TACC_T" 0 0 0 0 13 0 0 0 0 0 0
"chr4_55886559_C_CA" 0 0 0 0 0 0 0 0 0 10 0
"chr4_56018594_C_CA" 0 0 0 12 0 0 0 0 0 0 0
"chr4_57603648_C_CA" 0 0 0 0 0 0 0 0 0 0 7
"chr4_57805723_GT_G" 0 0 0 0 0 0 0 0 8 0 0
"chr4_57811287_TC_T" 0 0 10 0 0 0 0 0 0 0 0
"chr4_58215878_TGC_T" 0 0 12 0 0 0 0 0 0 0 0
"chr4_58366818_AGAG_A" 0 0 0 0 0 0 0 0 0 13 0
"chr4_58869328_AC_A" 0 0 0 0 20 1 2 2 0 0 0
"chr4_59587187_G_GA" 0 0 18 0 0 0 0 0 0 0 0
"chr4_61799302_ACTT_A" 0 0 0 15 0 0 0 0 0 0 0
"chr4_62782648_AG_A" 0 0 0 0 23 0 0 0 0 0 0
"chr4_63345948_TG_T" 0 6 0 0 0 0 0 0 0 0 0
"chr4_64060410_G_GA" 0 0 10 0 0 0 0 0 0 0 0
"chr4_64071571_CTT_C" 0 0 0 0 0 0 0 0 22 1 0
"chr4_64636548_T_TA" 0 0 0 0 0 0 0 1 11 0 0
"chr4_64643773_G_GA" 0 0 0 0 0 0 0 0 0 5 0
"chr4_65837980_C_CT" 1 1 10 0 0 0 0 0 1 0 0
"chr4_65847333_CA_C" 0 0 0 0 0 5 0 0 0 0 0
"chr4_66741429_CT_C" 1 20 0 0 0 0 1 1 0 0 0
"chr4_66838439_TA_T" 0 0 9 0 0 0 0 0 0 0 0
"chr4_67121230_GA_G" 0 0 15 1 0 0 0 0 0 0 0
"chr4_67262750_C_CA" 0 0 0 0 0 0 0 0 0 12 0
"chr4_67953350_G_GT" 0 0 0 0 10 1 1 0 0 0 0
"chr4_72252896_A_AT" 0 0 0 0 0 0 0 0 9 0 0
"chr4_73660079_T_TTC" 0 16 0 0 1 0 0 0 0 0 0
"chr4_74301679_G_GT" 0 1 1 0 0 12 0 1 0 2 0
"chr4_76124558_A_AT" 0 4 0 0 0 0 0 0 0 0 0
"chr4_76131595_C_CA" 0 0 0 0 0 20 0 0 0 1 0
"chr4_76342086_T_TGA" 0 0 0 15 0 0 0 0 0 0 0
"chr4_78016413_T_TC" 0 0 0 0 0 0 0 0 0 0 17
"chr4_79729728_A_AT" 0 17 0 0 0 0 0 0 0 0 0
"chr4_80098352_TAA_T" 0 0 0 0 0 0 0 0 14 0 0
"chr4_80757232_T_TA" 0 0 0 0 8 0 0 0 0 0 2
"chr4_80992289_G_GA" 0 0 0 0 0 0 0 0 0 9 0
"chr4_84209956_T_TA" 0 0 0 0 0 0 0 0 1 16 0
"chr4_84492809_T_TG" 1 2 4 13 0 0 0 0 0 1 0
"chr4_86447410_CTT_C" 0 0 22 0 0 0 0 0 0 0 0
"chr4_90432824_GTAAATACTAGTTGTTACTCCTTCCTCGAATTCTTAATT_G" 0 13 0 0 0 0 0 0 0 0 0
"chr4_91821849_G_GA" 0 0 0 0 0 0 14 0 0 0 2
"chr4_92310381_GT_G" 0 0 0 0 0 7 0 0 0 0 0
"chr4_93821178_CTG_C" 0 0 0 14 0 0 0 0 0 0 0
"chr4_94007426_TAC_T" 0 0 0 16 0 0 0 0 0 0 0
"chr4_94235835_TAAAA_T" 0 0 0 0 0 19 0 0 0 0 0
"chr4_9691936_CTGGTCATGTG_C" 0 0 0 0 0 1 9 0 0 0 0
"chr4_97082925_A_AT" 1 0 22 0 0 0 1 0 0 0 0
"chr4_97918950_CA_C" 0 0 0 0 0 0 0 0 20 0 0
"chr4_99334691_GTTTCT_G" 0 0 0 0 16 0 0 0 0 0 0
"chr4_99790954_C_CTG" 0 0 0 10 0 0 0 0 0 0 0
"chr5_100139163_AT_A" 0 0 1 0 0 10 0 0 1 0 0
"chr5_100176103_CA_C" 0 15 0 0 2 0 0 0 0 0 0
"chr5_100311474_AG_A" 0 0 0 16 0 0 0 0 0 0 0
"chr5_100713845_G_GT" 0 1 0 0 11 0 0 1 0 1 0
"chr5_104348628_T_TA" 0 0 0 0 0 0 0 0 11 0 0
"chr5_104797491_AATGTCCTGAGTTTATGGAGAAATG_A" 0 0 0 0 0 0 0 0 0 16 0
"chr5_105700994_TAG_T" 0 22 0 0 0 0 0 0 0 0 0
"chr5_108942099_TA_T" 0 0 15 0 0 0 0 0 0 0 0
"chr5_110324501_GT_G" 1 0 9 1 0 0 0 0 1 0 0
"chr5_112116157_C_CT" 0 1 0 0 0 0 17 0 0 0 2
"chr5_113970912_C_CT" 0 0 0 12 0 0 0 0 0 0 0
"chr5_11635914_C_CT" 0 11 0 0 0 0 0 0 0 0 0
"chr5_118853524_T_TA" 0 0 0 0 0 0 1 15 0 0 0
"chr5_119944579_GT_G" 0 0 12 0 0 0 0 0 0 0 0
"chr5_120138340_A_AT" 0 0 0 0 0 0 0 0 0 0 21
"chr5_120249718_T_TA" 0 0 8 0 0 0 0 0 0 0 0
"chr5_121397370_AT_A" 0 25 0 0 0 0 0 0 0 0 0
"chr5_121546407_CTCACGATCTGCCCACCTCGGCTTCCCAAAGTGCTGGGATTACAGGCCTGAG_C" 0 0 10 0 0 0 0 0 0 0 0
"chr5_121555745_TC_T" 0 0 0 0 0 0 0 0 0 6 0
"chr5_123714125_C_CT" 3 1 0 0 1 1 3 3 19 1 0
"chr5_123737398_A_AT" 0 0 13 0 0 0 0 0 2 0 1
"chr5_128531159_G_GAT" 1 0 8 1 0 1 0 0 0 0 0
"chr5_129177497_CA_C" 0 0 0 0 0 0 3 0 24 0 0
"chr5_130150456_G_GA" 0 0 0 13 0 0 0 0 0 0 0
"chr5_131869587_C_CA" 0 0 0 0 13 0 0 0 0 0 1
"chr5_133602413_TA_T" 0 0 0 0 0 0 0 0 0 0 12
"chr5_135664922_TC_T" 0 0 0 0 0 0 11 0 0 0 0
"chr5_136211966_T_TA" 0 7 0 1 0 0 0 0 0 0 0
"chr5_137408663_A_AT" 0 0 0 0 0 0 0 0 10 1 0
"chr5_13816776_AC_A" 0 0 0 0 0 0 0 23 0 0 0
"chr5_139197972_AGGCAAGGG_A" 0 0 0 0 0 0 0 0 0 0 14
"chr5_140311056_AC_A" 0 0 0 0 0 10 0 0 0 0 0
"chr5_14302362_ACTTAGACC_A" 0 0 0 0 0 0 0 0 0 15 0
"chr5_143940963_A_AT" 1 0 16 0 1 1 0 0 3 0 0
"chr5_144224209_AT_A" 0 0 0 17 0 2 1 0 0 1 1
"chr5_145923428_G_GT" 0 0 13 0 0 0 0 0 0 0 0
"chr5_147652574_TA_T" 0 0 0 0 0 0 0 20 0 0 0
"chr5_148606449_C_CA" 0 0 0 20 0 1 0 0 0 0 0
"chr5_15221201_AC_A" 0 0 0 0 1 1 1 0 2 0 23
"chr5_15285240_G_GCT" 0 18 0 0 0 0 0 0 0 0 0
"chr5_155228981_A_AT" 0 1 0 17 0 0 0 0 0 0 0
"chr5_15598599_AT_A" 1 1 0 1 14 0 0 0 0 0 0
"chr5_15619215_A_AT" 0 0 0 0 0 0 0 0 11 0 0
"chr5_156515688_TG_T" 0 0 0 0 0 0 0 5 0 0 0
"chr5_156625029_G_GA" 0 17 0 0 0 0 0 0 0 0 0
"chr5_159303947_TGTA_T" 0 0 0 0 0 0 0 14 0 0 0
"chr5_159596812_TTTTA_T" 0 0 12 0 0 0 0 0 0 0 0
"chr5_162094908_ATAT_A" 0 0 0 0 0 0 12 0 0 0 0
"chr5_162804706_TA_T" 0 0 12 0 0 0 0 0 1 0 0
"chr5_163052204_TG_T" 0 0 0 0 1 0 1 0 0 19 0
"chr5_163312955_A_AC" 0 23 0 0 0 1 0 0 0 0 0
"chr5_165527416_TG_T" 0 0 0 0 0 16 0 0 0 0 0
"chr5_166476466_A_AT" 0 0 0 0 0 0 0 8 0 0 0
"chr5_169665458_A_ATGTG" 5 0 0 0 0 0 0 0 0 0 0
"chr5_171147280_T_TA" 3 1 15 1 0 1 1 0 0 1 2
"chr5_171914582_AAT_A" 0 0 0 0 0 0 0 16 0 0 0
"chr5_173891015_TG_T" 0 19 0 0 0 0 0 0 0 0 0
"chr5_174939448_A_AT" 0 18 0 0 5 1 0 0 0 2 0
"chr5_175211634_AG_A" 0 0 0 0 30 0 0 0 0 0 0
"chr5_17635571_TA_T" 0 0 0 0 0 0 0 0 0 0 14
"chr5_178951697_G_GA" 0 11 0 0 0 0 0 0 0 0 0
"chr5_179985746_G_GA" 0 0 0 0 0 0 0 22 0 0 0
"chr5_180123732_T_TA" 0 0 0 0 0 0 10 0 1 0 0
"chr5_180217152_G_GT" 1 1 13 0 1 0 0 0 0 0 0
"chr5_180395283_T_TA" 0 1 12 0 1 0 0 0 0 0 0
"chr5_18066984_A_AC" 0 0 0 0 0 0 0 0 0 12 0
"chr5_18137017_TG_T" 0 1 0 0 0 17 0 0 0 0 0
"chr5_18721883_CT_C" 1 23 0 0 0 0 0 0 0 0 0
"chr5_19889305_AT_A" 0 0 0 0 10 0 0 0 0 0 0
"chr5_2031496_AATTCAAGTCCAT_A" 0 0 0 0 0 0 0 0 0 0 20
"chr5_20542994_AC_A" 0 0 14 0 0 0 0 0 0 0 0
"chr5_20690868_AG_A" 0 0 0 0 20 0 0 0 0 0 0
"chr5_22933242_C_CA" 0 0 0 1 0 10 0 0 0 0 0
"chr5_23791767_G_GA" 0 0 0 0 0 0 0 14 0 0 0
"chr5_2389881_TC_T" 0 0 0 0 0 0 0 0 9 0 0
"chr5_23932404_GA_G" 0 12 0 0 0 0 0 0 0 1 0
"chr5_24261221_TG_T" 0 0 0 0 0 0 0 0 0 21 2
"chr5_24497466_TA_T" 0 0 14 0 0 1 0 1 0 0 0
"chr5_24892990_TA_T" 0 0 20 0 0 0 0 0 1 0 0
"chr5_25032085_A_AT" 0 0 11 0 0 0 0 1 0 0 2
"chr5_25310385_G_GA" 1 0 2 0 0 0 4 0 23 2 0
"chr5_25326267_C_CA" 0 0 1 14 0 0 0 0 1 0 0
"chr5_25499008_AG_A" 0 0 0 0 0 0 13 0 0 0 0
"chr5_25574629_TA_T" 0 0 0 11 0 0 0 0 0 0 0
"chr5_26366216_C_CT" 1 0 14 0 0 0 0 0 0 0 0
"chr5_27242371_T_TA" 0 0 0 0 0 0 0 0 0 15 0
"chr5_27256298_GA_G" 0 0 0 0 16 1 0 0 0 0 0
"chr5_27612486_AC_A" 0 0 0 0 0 0 0 9 0 0 0
"chr5_27698492_G_GT" 0 1 17 3 0 0 0 0 0 0 0
"chr5_28113480_ACT_A" 0 21 0 0 0 0 0 0 0 0 0
"chr5_28419397_A_AG" 0 17 0 0 0 0 0 0 0 0 0
"chr5_28421762_T_TC" 0 11 0 0 0 0 0 0 0 0 0
"chr5_28894360_T_TA" 0 0 11 0 0 0 0 0 0 0 0
"chr5_29911148_GA_G" 0 28 0 0 2 0 0 0 0 0 0
"chr5_30449097_G_GT" 0 10 0 0 0 0 0 0 0 0 0
"chr5_30540046_GC_G" 0 0 0 0 25 0 0 0 0 0 0
"chr5_33708959_T_TA" 0 1 0 0 0 14 0 0 0 0 0
"chr5_35577162_A_ATG" 0 0 13 0 0 1 0 0 0 0 0
"chr5_37166067_A_ATTTTC" 0 0 12 0 0 0 0 0 0 0 0
"chr5_39844529_G_GA" 0 0 13 0 0 0 1 0 0 0 0
"chr5_40565821_GC_G" 0 0 0 0 0 0 7 0 0 0 0
"chr5_40960652_CA_C" 0 20 0 0 0 0 0 1 0 0 0
"chr5_41753625_CCCCAGTGTGTGGCCCT_C" 0 0 9 0 0 0 0 0 0 0 0
"chr5_42914895_C_CA" 0 0 0 20 0 0 0 0 0 0 0
"chr5_44448474_GA_G" 0 22 0 0 0 0 0 0 0 0 0
"chr5_4659380_G_GA" 0 0 0 0 0 0 0 10 0 0 0
"chr5_4704744_T_TTA" 0 0 0 0 0 0 0 0 0 10 0
"chr5_50797792_A_AT" 0 0 0 0 20 0 0 0 0 0 0
"chr5_55883594_AATT_A" 0 0 0 0 25 0 0 0 0 0 0
"chr5_56950615_AAATAGG_A" 0 0 0 12 0 0 0 0 0 0 0
"chr5_59361135_TA_T" 0 0 0 1 0 0 0 13 0 0 0
"chr5_60097804_TAC_T" 0 0 1 1 0 0 0 0 0 0 20
"chr5_60502863_TTC_T" 0 0 0 0 0 10 1 0 0 0 0
"chr5_60873294_G_GA" 0 2 0 0 2 15 0 0 1 0 0
"chr5_63699970_G_GC" 0 0 16 0 0 0 0 0 0 0 0
"chr5_66033294_GT_G" 0 0 0 0 0 0 0 0 16 0 0
"chr5_66626407_TTCCATGCACTAC_T" 0 0 0 26 0 0 0 0 0 0 0
"chr5_67062812_T_TA" 0 2 1 0 2 13 0 1 1 0 0
"chr5_73526885_TC_T" 0 0 0 0 0 0 0 0 17 0 0
"chr5_77227299_G_GT" 0 0 15 0 0 0 0 0 0 0 0
"chr5_77965837_T_TA" 0 0 0 0 0 0 0 0 0 27 0
"chr5_79464567_A_AT" 0 0 0 0 20 0 0 0 0 0 0
"chr5_81498737_AT_A" 0 0 17 0 0 0 0 0 0 0 0
"chr5_8249233_T_TA" 0 14 0 0 0 0 1 0 0 0 0
"chr5_83234813_T_TA" 0 1 0 0 0 0 0 0 18 0 0
"chr5_83383474_C_CA" 0 0 0 0 12 0 0 0 0 0 0
"chr5_84395523_CT_C" 1 15 0 0 0 0 1 0 0 0 0
"chr5_85429695_C_CT" 0 0 16 0 0 0 0 0 0 0 0
"chr5_85457097_A_AT" 1 0 0 0 2 20 0 1 1 0 0
"chr5_85749324_CT_C" 0 1 0 0 0 0 12 0 0 0 0
"chr5_86057752_TA_T" 0 0 0 0 0 0 0 1 15 0 0
"chr5_86931452_TA_T" 0 1 13 0 0 1 0 0 1 2 0
"chr5_873178_AAAAG_A" 0 0 0 0 1 0 0 0 0 23 0
"chr5_87432720_TGAGTAATA_T" 0 0 0 0 20 0 0 0 0 0 0
"chr5_88438178_A_AC" 0 0 0 0 0 0 9 0 0 0 0
"chr5_89244931_GT_G" 0 0 0 0 0 0 7 0 0 0 0
"chr5_89527912_GAAAC_G" 0 23 0 0 0 0 0 0 0 0 0
"chr5_89556497_AT_A" 0 16 0 0 0 0 0 0 0 0 0
"chr5_89657862_G_GA" 0 0 1 0 0 0 0 0 19 0 0
"chr5_90057162_T_TA" 0 6 0 0 0 0 0 0 0 0 0
"chr5_9163587_T_TA" 0 0 7 0 0 0 0 0 0 0 0
"chr5_93490943_AGTG_A" 0 0 0 0 7 0 0 1 2 0 0
"chr5_93547231_CCAA_C" 0 0 0 0 0 29 0 0 0 0 0
"chr5_9721103_C_CT" 1 1 1 1 1 0 0 0 0 0 17
"chr5_97987389_GA_G" 0 0 0 0 13 0 0 0 0 0 0
"chr5_98815279_TC_T" 0 0 0 18 0 0 0 0 0 0 0
"chr5_99510785_T_TGGTG" 0 0 0 0 0 0 0 0 11 0 0
"chr5_99595382_T_TG" 0 0 0 0 0 0 0 0 0 9 0
"chr6_100879673_A_AT" 0 0 0 0 0 1 0 0 0 0 10
"chr6_10132187_T_TA" 0 0 1 1 0 4 0 3 1 18 1
"chr6_102521038_TA_T" 0 0 0 0 0 0 14 0 0 0 0
"chr6_103759299_T_TA" 0 0 0 0 0 0 17 0 0 0 0
"chr6_103853866_AT_A" 0 0 17 0 0 0 0 0 0 0 0
"chr6_104158510_C_CA" 0 0 0 0 0 0 0 0 0 0 12
"chr6_104618762_GT_G" 0 0 16 0 0 0 0 0 0 2 0
"chr6_111767920_C_CT" 0 0 16 2 0 0 0 0 0 0 0
"chr6_112470210_G_GT" 0 0 0 0 2 14 0 0 0 0 1
"chr6_1140825_A_AG" 0 0 0 0 0 0 0 0 15 0 0
"chr6_115227083_TTAAATG_T" 0 0 16 0 0 0 0 0 0 0 0
"chr6_115405392_C_CT" 0 0 13 0 0 0 0 0 0 0 0
"chr6_116646145_C_CA" 0 0 0 0 0 0 0 11 0 0 0
"chr6_116788895_A_AT" 0 0 0 21 0 0 0 0 0 0 0
"chr6_118496907_A_AT" 0 0 0 0 0 0 9 0 0 0 0
"chr6_119749732_A_AT" 0 0 0 0 0 1 6 0 0 0 0
"chr6_120395870_CT_C" 0 0 0 0 0 0 0 0 24 0 0
"chr6_12086529_A_AT" 0 0 10 0 0 0 0 0 0 0 0
"chr6_121793426_A_AT" 0 0 0 0 0 0 0 0 0 12 0
"chr6_121996883_CA_C" 0 0 10 0 0 0 0 0 0 0 0
"chr6_124287346_C_CA" 0 0 0 14 0 0 0 0 0 0 0
"chr6_125339160_A_AT" 0 0 0 0 0 0 14 0 0 0 0
"chr6_125900720_C_CA" 0 0 0 0 0 0 0 0 14 0 0
"chr6_12643826_C_CA" 0 0 11 0 0 0 0 0 0 0 0
"chr6_126954772_GCCT_G" 0 0 14 0 0 0 0 0 0 0 0
"chr6_128755706_TA_T" 0 0 10 0 0 0 0 0 0 0 0
"chr6_130265968_AT_A" 0 0 0 1 1 0 0 8 0 0 0
"chr6_131848412_TC_T" 0 0 12 0 0 1 0 0 0 2 0
"chr6_133152048_G_GT" 0 1 12 1 0 0 0 0 0 0 0
"chr6_139533181_C_CA" 0 0 0 0 0 0 0 0 18 0 0
"chr6_147812886_AAGAGTATTACTT_A" 0 0 0 0 25 0 0 0 0 0 0
"chr6_151777988_T_TA" 0 0 0 0 0 24 0 0 0 0 0
"chr6_152158962_C_CT" 0 0 2 0 0 0 0 12 0 1 0
"chr6_154277404_AG_A" 0 0 0 0 0 0 10 0 0 0 0
"chr6_158247845_T_TA" 0 0 0 18 0 0 0 0 0 0 0
"chr6_15850738_G_GTTA" 0 0 1 7 0 0 0 0 0 0 0
"chr6_158788742_TG_T" 0 11 0 0 0 0 0 0 0 0 0
"chr6_16272229_C_CA" 0 1 20 0 0 1 0 0 0 0 0
"chr6_164309312_G_GA" 0 12 0 0 0 0 0 0 1 0 0
"chr6_164731401_T_TA" 0 0 16 0 0 0 0 0 0 0 0
"chr6_165082952_GA_G" 0 0 19 0 0 0 0 0 0 0 0
"chr6_165934958_G_GA" 0 0 0 1 0 0 12 0 0 0 0
"chr6_166642130_G_GA" 0 1 0 1 0 1 0 0 0 14 0
"chr6_169285681_A_AT" 0 0 0 0 0 0 0 12 1 0 0
"chr6_16990843_C_CT" 0 0 0 0 0 0 10 1 0 0 0
"chr6_17447400_A_AT" 0 0 12 0 0 0 0 0 0 0 0
"chr6_17998454_C_CT" 0 0 0 0 21 0 0 0 0 0 0
"chr6_19015484_TG_T" 0 18 0 0 0 0 0 0 0 0 0
"chr6_19695575_G_GA" 0 24 0 0 0 0 0 0 1 1 0
"chr6_20341522_A_AC" 0 14 1 1 0 0 1 0 1 0 0
"chr6_20523834_A_AT" 0 0 0 0 1 0 0 0 23 1 0
"chr6_22300159_G_GT" 0 0 0 0 2 0 12 0 0 1 0
"chr6_22992482_GT_G" 0 0 15 0 2 0 0 0 1 0 1
"chr6_23564319_A_AT" 0 1 0 20 1 0 0 1 0 0 0
"chr6_24320591_CA_C" 0 0 0 0 0 0 0 25 0 0 0
"chr6_25425698_GA_G" 0 0 0 16 0 0 0 0 0 0 0
"chr6_27159303_C_CA" 1 0 1 0 0 0 2 0 0 11 0
"chr6_27164557_AC_A" 0 0 0 0 0 0 0 0 0 16 0
"chr6_28663837_CT_C" 0 0 0 0 18 0 0 0 0 0 0
"chr6_28990867_C_CA" 0 0 0 20 0 0 0 0 0 0 0
"chr6_29354407_CT_C" 0 0 0 0 0 0 0 0 0 0 11
"chr6_33331622_A_AC" 0 0 0 0 0 0 0 7 0 0 0
"chr6_33400990_CATTGTATAGCTTT_C" 0 0 10 0 0 0 0 0 0 0 0
"chr6_41895498_CGCCGCAGGCGCAAAGTTTAGGGTCAGCCACAAACGCGCG_C" 0 0 0 0 17 0 0 0 0 0 0
"chr6_46955675_GC_G" 0 0 16 0 0 0 0 0 0 0 0
"chr6_47187001_C_CT" 0 0 0 19 0 0 0 0 0 0 0
"chr6_47536670_A_AT" 0 0 20 1 1 0 1 0 1 0 1
"chr6_48896418_GT_G" 0 0 0 0 0 0 0 0 25 0 0
"chr6_49951364_TA_T" 0 0 0 0 15 0 0 0 0 0 0
"chr6_50329527_TG_T" 0 0 0 0 0 0 0 0 0 16 0
"chr6_50730002_CT_C" 0 1 12 1 0 2 1 0 0 0 0
"chr6_51368760_CT_C" 0 0 0 0 0 0 0 0 0 16 0
"chr6_55856668_TATTA_T" 0 0 13 0 0 0 0 0 0 0 0
"chr6_56232898_AC_A" 0 0 0 0 0 0 0 0 10 0 0
"chr6_56474490_A_AAAAT" 0 10 0 0 1 0 0 0 1 0 0
"chr6_56773380_C_CT" 0 0 0 0 0 0 0 0 0 29 0
"chr6_56866640_GC_G" 0 0 0 0 0 0 9 0 0 0 0
"chr6_56918997_AT_A" 0 0 10 0 0 1 0 0 0 0 0
"chr6_60375122_AT_A" 0 2 11 0 0 0 0 0 0 1 0
"chr6_62392269_AT_A" 1 1 0 0 24 0 0 2 2 0 1
"chr6_62767556_AT_A" 0 0 17 0 0 0 0 1 0 0 0
"chr6_64968261_A_AT" 2 12 0 0 1 0 1 0 0 1 0
"chr6_65176498_TA_T" 0 0 0 0 0 0 0 0 0 16 0
"chr6_65509555_G_GT" 0 0 0 0 0 0 0 0 16 0 0
"chr6_66223811_T_TA" 0 0 0 13 2 0 0 0 0 4 1
"chr6_6687744_TCTG_T" 0 14 0 0 0 0 0 0 0 0 0
"chr6_66933518_T_TC" 0 0 0 0 0 0 0 0 0 23 1
"chr6_67202331_C_CA" 0 0 1 0 1 12 0 0 0 0 0
"chr6_67568799_GA_G" 0 0 11 0 0 0 0 0 0 0 0
"chr6_67705286_G_GA" 0 0 0 0 16 0 0 0 0 0 0
"chr6_67728761_AC_A" 0 0 0 0 0 0 13 0 0 0 0
"chr6_68327468_TA_T" 0 0 9 0 0 0 0 0 0 0 0
"chr6_68485146_C_CT" 2 0 0 9 0 0 1 0 0 0 0
"chr6_68853278_G_GA" 0 0 0 0 0 0 0 6 0 0 0
"chr6_69512190_GA_G" 1 0 16 0 0 0 0 0 0 0 0
"chr6_73855109_TAATGGTGG_T" 0 0 0 0 0 0 13 0 0 0 0
"chr6_74186879_G_GT" 0 0 0 13 0 0 0 0 0 0 0
"chr6_76171946_AC_A" 0 0 0 0 5 0 0 0 0 0 0
"chr6_78304505_TG_T" 0 0 0 0 0 0 0 10 0 0 0
"chr6_78637978_A_AT" 0 0 0 0 0 0 0 0 20 0 0
"chr6_78807694_G_GA" 1 0 10 0 0 0 0 1 0 0 1
"chr6_81077208_C_CT" 0 2 1 0 0 0 0 0 12 0 0
"chr6_81249658_T_TA" 0 0 0 0 1 0 12 0 0 0 0
"chr6_82569047_AT_A" 0 14 0 0 0 0 0 0 0 0 0
"chr6_83866974_ATGTTT_A" 0 0 0 0 0 0 0 0 0 16 0
"chr6_85807917_TG_T" 0 0 11 0 0 0 0 0 0 0 0
"chr6_86703239_AT_A" 0 0 0 0 0 0 0 0 20 0 0
"chr6_8810820_G_GA" 1 1 15 0 2 1 3 0 2 0 1
"chr6_90128255_AT_A" 0 0 0 0 0 0 0 0 0 19 0
"chr6_91729057_C_CT" 0 1 0 10 0 0 0 0 0 0 0
"chr6_91764575_CTA_C" 0 0 0 0 0 15 1 1 0 0 0
"chr6_91787499_GT_G" 0 0 0 0 0 0 0 0 0 15 0
"chr6_92736158_AT_A" 0 0 0 0 0 1 0 9 0 0 0
"chr6_93329598_T_TA" 0 0 0 13 0 0 0 0 0 1 0
"chr6_93817929_TA_T" 0 0 0 0 21 0 0 0 0 0 0
"chr6_94064631_AAAACTGTTCCTGGCAGTCTTATTAACAGAAGTTATACATATCCTGGACCTCTTAGGCATAT_A" 0 0 0 0 0 0 0 0 16 0 0
"chr6_94948889_CA_C" 0 0 0 0 0 11 0 0 0 0 0
"chr6_96646703_CT_C" 2 0 13 1 1 0 1 0 0 0 0
"chr6_99662980_CT_C" 0 0 0 0 1 0 0 0 23 0 0
"chr7_100479133_ACCCTGCTGGGT_A" 0 0 0 0 0 0 0 0 0 0 12
"chr7_101937053_GC_G" 0 0 0 0 0 0 0 0 6 0 0
"chr7_102081128_CCTTCTCCTCTTCCTCTGCCAGGG_C" 0 0 7 0 0 0 0 0 0 0 0
"chr7_10285987_C_CA" 0 1 0 0 0 1 18 0 0 1 0
"chr7_103683599_G_GT" 0 0 14 0 0 0 0 0 0 0 0
"chr7_104760666_AGATCCT_A" 0 0 19 0 0 0 0 0 0 0 0
"chr7_10477345_C_CA" 0 3 0 0 1 15 0 1 0 1 0
"chr7_108755397_AG_A" 0 0 0 0 0 0 0 0 0 16 0
"chr7_109036681_G_GAC" 0 0 11 0 0 3 0 1 3 2 1
"chr7_111171676_CAACATTCTAATCAGACCAGGATTTG_C" 0 0 0 0 0 0 0 0 0 19 0
"chr7_112356294_C_CA" 0 0 16 0 0 0 0 0 0 0 0
"chr7_113340991_CTT_C" 0 14 0 0 0 0 0 0 0 0 0
"chr7_113375904_GA_G" 0 0 0 0 0 0 0 11 0 0 0
"chr7_114803062_C_CA" 0 0 0 0 0 0 0 1 23 0 0
"chr7_118569615_CT_C" 0 0 0 0 0 0 0 18 0 0 0
"chr7_118632286_TAA_T" 0 0 15 0 0 0 0 0 0 0 0
"chr7_119529905_C_CA" 0 12 2 0 0 0 1 0 0 0 0
"chr7_119558469_T_TAAAATGTTAA" 0 0 0 0 0 0 17 0 0 0 0
"chr7_120534774_T_TA" 1 2 11 0 0 0 0 2 0 0 0
"chr7_121620792_C_CA" 0 0 0 0 25 0 0 0 0 0 0
"chr7_121923343_AAG_A" 0 0 17 0 0 0 0 1 0 0 0
"chr7_122212190_C_CT" 0 13 1 1 0 0 0 0 0 0 0
"chr7_122229432_G_GT" 0 0 0 0 0 0 10 0 0 0 0
"chr7_122251716_G_GA" 0 21 0 0 0 1 0 0 0 0 0
"chr7_123888859_G_GT" 1 0 0 1 1 1 0 1 22 0 1
"chr7_124088228_ATAT_A" 0 0 0 0 25 0 0 0 0 0 0
"chr7_124198286_G_GT" 0 0 0 2 0 1 0 0 15 0 0
"chr7_124307072_AC_A" 0 0 0 0 1 16 1 0 0 0 0
"chr7_126574754_AT_A" 0 1 18 1 0 0 0 0 1 0 0
"chr7_127585282_CCGG_C" 0 0 0 0 0 0 0 7 0 0 0
"chr7_131393396_A_AT" 0 0 0 0 28 0 0 0 0 0 0
"chr7_132220975_G_GCTTA" 0 0 14 0 0 0 0 0 0 0 0
"chr7_136155869_T_TA" 0 1 1 0 0 1 0 1 0 19 0
"chr7_136254282_C_CT" 0 0 0 0 0 0 0 0 0 18 0
"chr7_137258138_GA_G" 0 0 0 17 0 0 0 0 0 0 0
"chr7_13766339_T_TCCCTGAC" 0 1 0 0 0 0 5 0 0 1 0
"chr7_138373441_TC_T" 0 0 0 0 0 14 0 0 0 0 0
"chr7_138627907_TC_T" 0 0 0 0 0 0 12 0 0 0 0
"chr7_140915279_TA_T" 0 8 0 0 0 0 0 0 0 1 0
"chr7_141268119_G_GT" 0 1 14 0 0 0 0 0 0 2 0
"chr7_141697748_T_TA" 4 0 6 0 0 0 3 0 0 0 1
"chr7_142985940_T_TA" 2 0 0 0 0 0 9 0 0 0 0
"chr7_14326287_CT_C" 0 1 9 0 1 0 0 0 0 1 0
"chr7_145703055_A_AT" 0 0 0 0 1 0 0 0 1 10 1
"chr7_145893350_CT_C" 0 0 0 0 2 1 1 20 1 0 0
"chr7_146249885_G_GA" 0 19 0 0 0 0 0 0 0 0 0
"chr7_147120602_AT_A" 0 0 19 0 0 0 0 0 0 0 0
"chr7_14739405_AG_A" 0 0 0 0 0 0 10 0 0 0 0
"chr7_148145671_GA_G" 0 0 0 0 0 0 0 0 0 0 16
"chr7_14820275_ACTC_A" 0 0 0 0 0 0 0 0 16 0 0
"chr7_14933871_C_CA" 0 0 26 0 0 0 0 0 0 0 0
"chr7_151306834_C_CA" 0 0 21 0 0 0 0 0 1 0 0
"chr7_153459489_TATTTA_T" 0 0 9 0 0 0 0 0 0 0 0
"chr7_153529647_GT_G" 0 0 0 0 0 0 0 0 10 0 0
"chr7_153846869_A_AT" 2 1 0 20 0 0 1 0 1 2 0
"chr7_154044174_A_AT" 0 0 0 0 0 0 16 0 0 0 0
"chr7_154388147_C_CA" 0 0 0 0 0 0 11 0 0 0 0
"chr7_15469671_G_GA" 0 3 0 0 0 1 0 0 0 3 12
"chr7_157724278_TAGC_T" 0 0 0 0 0 0 0 14 0 0 0
"chr7_15886036_CT_C" 0 15 0 0 0 0 0 0 0 0 0
"chr7_16323826_C_CA" 0 0 0 19 0 0 0 0 1 1 0
"chr7_16791791_AAATT_A" 0 0 0 0 0 0 0 18 0 0 0
"chr7_17379415_AG_A" 0 0 0 0 0 16 0 0 0 0 0
"chr7_17898981_A_AG" 0 0 0 0 0 0 0 0 0 22 1
"chr7_19653963_C_CA" 0 0 1 0 29 0 1 0 0 1 0
"chr7_20630413_C_CA" 0 2 0 0 0 17 0 0 0 1 0
"chr7_21374496_A_AT" 0 0 0 0 0 0 0 0 10 0 0
"chr7_21602861_G_GT" 0 0 0 0 0 0 0 14 0 0 0
"chr7_27201347_CTTGGGAGCAT_C" 0 15 0 0 0 0 0 0 0 0 0
"chr7_28741882_ATGG_A" 0 0 0 0 0 0 14 0 0 0 0
"chr7_35425323_AAAG_A" 0 0 15 0 0 0 0 0 0 0 0
"chr7_35675302_CAGTT_C" 0 0 0 0 16 0 0 0 0 0 0
"chr7_37942986_CTG_C" 0 0 0 0 0 0 0 0 9 0 0
"chr7_38279108_CA_C" 0 1 11 2 1 0 0 0 1 0 0
"chr7_38797362_T_TA" 0 11 0 0 0 0 0 0 0 0 0
"chr7_39180283_AT_A" 0 0 10 0 0 1 0 0 0 0 0
"chr7_39829504_TACA_T" 0 0 14 0 0 0 0 0 0 0 0
"chr7_41365411_TA_T" 0 0 0 0 0 0 0 0 17 0 0
"chr7_41386002_GA_G" 0 0 0 15 0 0 0 0 0 0 0
"chr7_47309665_G_GA" 0 13 0 0 0 0 0 0 0 0 0
"chr7_47699168_AAG_A" 0 0 0 0 0 0 0 21 1 0 0
"chr7_48774430_TC_T" 0 0 0 15 0 0 0 0 0 0 0
"chr7_49127173_AC_A" 0 0 0 0 0 0 0 0 0 0 16
"chr7_49505686_AT_A" 0 0 0 0 0 0 0 0 18 0 0
"chr7_49751064_AC_A" 0 0 30 0 0 0 0 0 0 0 0
"chr7_50157532_CT_C" 0 0 0 0 0 16 0 0 0 0 0
"chr7_53662592_A_AT" 0 0 0 0 0 0 0 0 0 22 0
"chr7_53822547_TA_T" 1 0 24 0 1 0 2 0 0 0 0
"chr7_54305931_GA_G" 0 10 0 0 0 0 0 0 0 0 0
"chr7_54441183_GT_G" 0 0 12 0 0 0 0 0 0 0 1
"chr7_54602962_GT_G" 0 0 19 0 1 1 2 1 0 0 2
"chr7_55387097_C_CT" 1 16 0 0 0 0 0 0 0 1 0
"chr7_56464013_TA_T" 0 0 0 13 0 0 0 0 0 0 0
"chr7_56471664_CA_C" 1 0 11 0 1 0 0 1 0 0 0
"chr7_56543881_G_GT" 3 1 0 1 1 0 0 1 1 18 0
"chr7_57299047_AAAAC_A" 0 0 0 0 0 18 0 0 0 0 0
"chr7_57410373_G_GT" 0 21 0 0 0 0 0 0 1 0 0
"chr7_57603698_AT_A" 0 0 15 0 0 0 0 0 0 0 0
"chr7_57738334_GC_G" 0 0 0 0 0 0 0 0 0 0 10
"chr7_57946525_G_GA" 0 0 0 1 26 1 0 1 0 2 1
"chr7_64970199_T_TA" 0 11 0 0 0 0 0 0 1 0 0
"chr7_68117780_T_TA" 0 4 2 0 10 7 6 0 6 1 5
"chr7_68244673_AG_A" 0 0 11 0 0 0 0 0 0 0 0
"chr7_69470773_AT_A" 1 0 16 1 0 0 1 0 0 0 0
"chr7_70011446_C_CA" 0 8 0 1 0 0 0 0 0 0 0
"chr7_71159791_G_GT" 0 0 0 0 11 0 0 1 0 1 0
"chr7_71191030_A_AT" 0 17 0 0 0 0 0 0 0 0 0
"chr7_71331841_GA_G" 0 0 13 0 0 0 0 0 0 0 0
"chr7_72503153_G_GA" 5 25 1 1 0 2 1 0 2 0 1
"chr7_74710284_ATC_A" 0 11 0 0 0 0 0 0 0 0 0
"chr7_77570377_TC_T" 0 0 0 0 0 0 0 9 0 0 0
"chr7_78146259_C_CT" 0 0 0 15 0 0 0 0 0 0 0
"chr7_79792979_CT_C" 0 0 1 0 0 1 0 16 0 0 0
"chr7_81880915_GT_G" 0 0 0 0 0 0 0 21 0 0 0
"chr7_83428065_G_GA" 0 0 17 0 0 0 0 0 0 0 0
"chr7_86403097_ACCC_A" 0 1 0 0 1 3 0 2 18 0 2
"chr7_86736952_C_CA" 1 5 16 2 0 0 2 1 0 0 0
"chr7_86896290_T_TTG" 0 0 19 0 1 0 0 0 0 0 0
"chr7_88978644_G_GT" 1 2 0 4 1 0 0 0 1 16 0
"chr7_89462097_CA_C" 0 0 0 0 16 0 0 0 0 0 1
"chr7_91233857_T_TA" 0 0 17 0 0 0 0 0 0 0 0
"chr7_92486668_A_AT" 0 0 0 2 2 3 0 6 3 1 15
"chr7_92602119_G_GT" 0 0 0 0 0 11 0 0 0 0 0
"chr7_92793307_AAG_A" 0 0 0 0 0 0 0 0 0 0 11
"chr7_93131279_CTCTT_C" 0 17 0 0 0 0 0 0 0 0 0
"chr7_94184288_C_CT" 0 0 0 0 21 0 0 0 0 0 0
"chr7_94314160_GC_G" 0 0 0 0 0 8 0 0 0 0 0
"chr7_94815205_T_TATACTAGG" 0 0 0 0 6 0 0 0 0 0 0
"chr7_94928444_AT_A" 0 0 0 0 0 0 0 0 0 25 0
"chr7_96523431_AT_A" 0 0 0 9 0 0 0 0 0 0 0
"chr7_96910049_GAAGA_G" 0 0 11 0 0 0 0 0 0 0 0
"chr7_97667680_G_GA" 1 0 0 0 0 1 0 16 0 0 0
"chr7_98111031_ATAGCTAT_A" 0 0 0 0 0 0 0 6 0 0 0
"chr8_101892297_AG_A" 0 0 0 0 0 0 0 14 0 0 0
"chr8_102131604_A_AT" 1 0 2 0 0 1 1 0 0 3 18
"chr8_103136563_T_TG" 0 0 0 0 0 0 0 0 21 0 0
"chr8_103670289_A_AT" 0 15 0 0 0 0 0 0 0 0 0
"chr8_104353867_T_TC" 0 17 0 0 0 0 0 0 0 0 0
"chr8_105783800_TG_T" 0 0 0 0 0 0 0 0 0 18 0
"chr8_109351516_C_CA" 1 0 15 0 0 1 0 0 0 1 0
"chr8_110316882_CA_C" 0 14 0 0 1 0 0 0 0 0 0
"chr8_110473411_TCTC_T" 0 0 0 24 0 0 0 0 0 0 0
"chr8_111426138_TA_T" 0 0 0 0 0 10 0 0 0 0 0
"chr8_1116800_C_CA" 1 1 0 16 0 0 1 0 0 0 0
"chr8_112434472_A_AT" 0 0 0 0 0 0 0 7 0 0 0
"chr8_112629211_AT_A" 0 13 0 0 0 0 0 0 0 0 0
"chr8_11304999_C_CA" 0 0 0 0 0 0 0 0 4 0 0
"chr8_113227847_TAC_T" 0 0 0 0 0 0 0 0 15 0 0
"chr8_113671181_C_CA" 0 0 0 1 0 0 0 17 0 0 0
"chr8_113687333_G_GTA" 2 1 13 0 0 2 1 0 0 0 1
"chr8_113919289_AAC_A" 0 0 0 0 0 0 0 0 0 0 11
"chr8_114528108_A_AG" 0 0 0 0 14 0 0 0 0 0 0
"chr8_115407703_AAAT_A" 0 15 0 0 0 0 0 0 0 0 0
"chr8_116479911_GA_G" 0 0 16 0 0 1 0 0 0 0 0
"chr8_117650184_GC_G" 0 7 0 0 0 0 0 0 0 0 0
"chr8_117758483_G_GA" 0 0 0 0 0 0 0 0 7 0 0
"chr8_119406158_C_CA" 0 0 18 0 0 0 0 1 0 0 0
"chr8_120398433_CAACA_C" 0 22 0 0 0 0 0 0 0 0 0
"chr8_120551417_TGAAAAAGGACATGGTTTG_T" 0 0 0 0 0 0 0 17 0 0 0
"chr8_122325628_TA_T" 0 0 0 17 0 0 0 0 0 0 0
"chr8_122370676_C_CA" 0 16 0 0 0 0 0 0 0 0 0
"chr8_125781876_CTT_C" 0 15 0 0 0 0 0 0 0 0 0
"chr8_126257165_C_CA" 0 0 19 0 0 0 0 0 0 0 0
"chr8_127963328_T_TTG" 0 17 0 0 0 0 0 0 0 0 0
"chr8_130020676_AT_A" 0 0 0 0 0 0 0 0 0 14 0
"chr8_131133141_CAG_C" 0 18 0 0 0 0 0 0 0 0 0
"chr8_131430513_AG_A" 0 0 0 0 0 0 0 8 0 0 0
"chr8_132641968_TACA_T" 0 0 0 0 0 0 0 19 0 0 0
"chr8_134247058_GA_G" 0 0 0 0 0 0 0 24 0 0 0
"chr8_135295961_A_AT" 0 0 0 0 24 0 0 0 0 0 0
"chr8_13623879_G_GA" 0 0 1 0 0 0 1 0 22 0 0
"chr8_137124573_G_GA" 0 0 0 0 0 0 11 0 0 0 0
"chr8_137478143_CTG_C" 0 0 0 0 0 0 0 5 0 0 0
"chr8_142203613_CAG_C" 0 13 0 0 0 0 0 0 0 0 0
"chr8_142277537_GC_G" 0 15 0 0 0 0 0 0 0 0 0
"chr8_143462582_CT_C" 0 0 0 0 0 0 5 0 0 0 0
"chr8_14391210_TG_T" 0 0 0 0 25 0 0 0 0 0 0
"chr8_143994290_ACCTGCTCCT_A" 0 0 16 0 0 0 0 0 0 0 0
"chr8_144633457_C_CA" 0 0 2 0 0 0 0 0 15 1 0
"chr8_14554960_GA_G" 0 0 0 23 1 0 0 0 0 0 0
"chr8_14737903_GT_G" 0 0 0 0 1 0 0 0 8 0 0
"chr8_16454121_GT_G" 0 0 0 0 1 0 0 1 16 0 0
"chr8_16481461_AC_A" 0 0 0 0 0 22 0 0 0 0 0
"chr8_19821308_A_AT" 0 0 0 0 0 0 0 0 0 0 14
"chr8_20608491_A_AT" 0 0 0 1 2 1 1 0 0 12 0
"chr8_20756906_A_AT" 0 0 0 0 0 0 0 17 0 0 0
"chr8_21300483_G_GA" 0 0 0 0 0 9 0 1 1 0 0
"chr8_23410907_CG_C" 0 0 0 0 0 0 11 0 0 0 0
"chr8_23964232_AT_A" 0 19 0 0 0 0 0 0 0 0 0
"chr8_24210382_AAAATTT_A" 0 0 0 0 0 25 0 0 0 0 0
"chr8_24317250_G_GA" 3 1 10 0 1 0 0 0 0 0 0
"chr8_25702226_AT_A" 1 1 0 0 28 1 2 1 2 0 3
"chr8_26156134_GA_G" 0 18 0 0 0 0 0 0 0 0 0
"chr8_26522679_A_AT" 0 0 0 0 0 0 0 0 21 0 0
"chr8_28657104_A_AT" 1 0 0 0 0 2 0 0 0 15 2
"chr8_30985400_GT_G" 0 0 14 0 0 0 0 0 0 0 0
"chr8_31554134_C_CA" 0 0 10 0 0 0 0 0 0 1 0
"chr8_32757149_A_AT" 0 0 0 15 0 0 0 0 0 0 0
"chr8_33608084_T_TC" 0 0 0 0 0 0 0 5 0 0 0
"chr8_34456161_ATTTTTTTTTTTTTTTTTTTTTTTTTTTTTTTT_A" 0 5 6 7 4 1 3 2 5 0 0
"chr8_36804131_AT_A" 0 0 0 0 0 0 0 22 0 0 0
"chr8_38410014_CCCAGACCAAGTCT_C" 0 0 0 0 11 0 0 0 0 0 0
"chr8_43319861_A_AT" 0 0 0 0 0 0 0 0 0 1 29
"chr8_48268858_TCTC_T" 0 0 0 19 0 0 0 0 0 0 0
"chr8_48665591_T_TA" 0 0 26 0 0 0 0 0 0 0 0
"chr8_49362710_A_AT" 1 0 0 2 0 2 0 1 19 3 1
"chr8_5076100_GAT_G" 0 0 0 0 0 19 0 0 0 0 0
"chr8_51555478_T_TA" 0 0 0 0 0 0 0 0 23 0 0
"chr8_52799899_A_AT" 0 1 0 0 0 12 0 0 0 0 0
"chr8_54599087_CT_C" 0 0 0 0 0 12 0 0 0 0 0
"chr8_54613046_AT_A" 0 0 0 0 0 0 0 14 0 0 0
"chr8_5544889_A_AT" 0 0 0 0 0 0 20 0 0 0 0
"chr8_55566394_TTCTGGGAAGCAGGC_T" 0 0 0 0 0 0 0 0 0 14 0
"chr8_57846670_G_GCTA" 0 0 8 0 0 0 0 0 0 0 0
"chr8_58139772_C_CA" 0 9 0 0 0 0 1 0 0 0 0
"chr8_58274488_G_GA" 0 0 0 0 0 0 0 0 0 16 0
"chr8_58825194_A_AT" 1 0 1 0 0 0 0 0 0 22 1
"chr8_59740020_GT_G" 0 0 0 0 0 0 0 21 0 0 0
"chr8_59857093_C_CA" 0 0 9 0 0 0 0 0 0 0 0
"chr8_62457743_A_AT" 0 0 0 12 0 0 0 0 0 0 0
"chr8_62483975_TC_T" 0 0 0 0 0 0 0 5 0 0 0
"chr8_6274606_AC_A" 0 0 0 0 0 14 0 0 0 0 0
"chr8_63241518_C_CAG" 0 1 8 0 0 0 0 0 0 0 0
"chr8_63836488_TA_T" 0 0 0 0 0 0 2 19 0 0 0
"chr8_65808477_T_TA" 2 1 5 0 0 1 0 1 1 24 1
"chr8_66300221_G_GA" 0 15 0 0 0 0 0 0 0 0 0
"chr8_68188333_AC_A" 0 0 17 0 0 0 0 0 0 0 0
"chr8_68404227_G_GT" 0 0 0 0 0 0 0 0 0 0 19
"chr8_68737660_TA_T" 1 0 14 0 0 0 0 0 0 1 0
"chr8_68936695_G_GA" 0 0 0 0 12 0 1 0 0 0 0
"chr8_69313311_T_TA" 0 0 0 15 0 0 1 0 0 0 0
"chr8_69318503_TAC_T" 0 0 0 0 0 0 0 0 0 0 11
"chr8_70923014_CT_C" 0 0 0 0 0 14 0 0 0 0 0
"chr8_71316803_AT_A" 0 0 0 0 0 18 0 0 0 0 0
"chr8_71377579_TA_T" 0 21 0 0 0 0 0 0 0 0 0
"chr8_71458387_A_AT" 5 22 0 0 0 0 0 2 3 3 3
"chr8_71811655_T_TA" 0 1 0 0 0 0 10 0 0 0 0
"chr8_75255207_T_TA" 0 0 0 21 0 0 0 0 0 0 0
"chr8_75602760_TA_T" 0 0 21 3 1 0 0 0 1 1 0
"chr8_76208743_TTA_T" 0 0 0 0 16 0 0 0 0 0 0
"chr8_76451055_T_TTG" 0 0 0 0 13 0 0 0 0 0 0
"chr8_77000449_CTGGCAGGCGCCGCCGGGTGG_C" 0 0 0 0 0 0 0 0 0 13 0
"chr8_77497697_CA_C" 1 14 1 0 1 0 0 0 0 0 1
"chr8_77509042_AT_A" 0 0 0 0 0 0 7 0 0 0 0
"chr8_77702563_A_AT" 0 0 0 0 0 21 0 0 0 0 0
"chr8_78047262_GA_G" 0 0 0 0 0 0 0 0 16 0 0
"chr8_78213242_C_CA" 0 1 0 19 1 0 0 0 0 0 0
"chr8_80718258_G_GT" 0 0 0 0 0 14 0 0 0 0 0
"chr8_86651181_C_CA" 0 0 0 0 0 0 0 17 1 0 0
"chr8_87314160_T_TA" 0 9 0 0 0 0 0 0 0 1 0
"chr8_89067149_CT_C" 0 0 0 0 0 0 0 0 0 16 0
"chr8_89119866_G_GTA" 0 0 10 0 0 0 0 0 0 0 0
"chr8_91781826_AG_A" 0 0 0 16 0 0 0 0 0 0 0
"chr8_92968475_CT_C" 0 2 0 0 16 0 0 0 0 0 0
"chr8_97019321_CAAAA_C" 0 0 0 13 0 0 0 0 0 0 0
"chr8_98461996_GA_G" 0 0 0 11 0 0 0 0 0 0 0
"chr9_100189761_G_GT" 3 0 1 0 20 0 0 0 3 2 2
"chr9_103548372_GGA_G" 1 3 21 0 2 1 0 2 0 3 3
"chr9_104267829_AT_A" 0 0 0 0 0 0 0 15 0 0 0
"chr9_106329929_T_TA" 0 0 13 0 0 0 0 0 0 0 0
"chr9_108211503_T_TG" 0 0 0 0 0 0 11 0 0 0 0
"chr9_110699623_G_GT" 1 20 0 2 2 0 1 0 0 1 0
"chr9_111244151_C_CA" 0 13 0 0 0 0 0 0 0 0 0
"chr9_112729159_GC_G" 0 0 0 0 0 0 0 11 0 0 0
"chr9_11383967_TA_T" 0 0 13 0 0 0 0 0 0 0 0
"chr9_114925714_A_AT" 0 15 1 0 0 0 0 0 0 0 0
"chr9_116241871_CT_C" 0 0 0 0 0 0 0 0 8 1 0
"chr9_11691551_C_CT" 0 0 5 0 0 0 0 0 0 0 0
"chr9_117471960_T_TA" 0 0 0 0 1 13 0 0 0 1 0
"chr9_117898070_AT_A" 0 0 25 0 0 0 0 0 0 0 0
"chr9_118935318_C_CA" 0 0 3 0 0 17 0 1 0 0 1
"chr9_11978880_C_CT" 0 0 9 0 0 0 0 0 0 0 0
"chr9_121163737_CAAATAAACACATG_C" 0 0 0 0 0 13 0 0 0 0 0
"chr9_125342660_CATTG_C" 0 19 0 0 0 0 0 0 0 0 0
"chr9_125819909_C_CT" 0 0 0 0 0 1 0 0 0 0 12
"chr9_128152985_GCAGGGGCTGCC_G" 0 0 0 0 7 0 0 0 0 0 0
"chr9_132827797_TCTC_T" 0 0 17 0 0 0 0 0 0 0 0
"chr9_133626622_A_AT" 0 17 0 0 0 0 0 0 0 0 0
"chr9_1556698_G_GA" 0 0 0 0 0 0 0 0 9 0 0
"chr9_16759429_AT_A" 0 2 20 0 0 0 1 1 0 1 1
"chr9_17201611_G_GT" 0 0 0 0 0 0 0 0 16 0 0
"chr9_17429217_C_CT" 0 0 0 0 18 0 0 0 0 0 0
"chr9_19571850_TAGAG_T" 0 0 0 15 0 0 0 0 0 0 0
"chr9_19878128_CT_C" 0 23 0 0 0 1 0 0 2 3 0
"chr9_22869956_AG_A" 0 11 0 0 0 0 0 0 0 0 0
"chr9_25844301_AT_A" 0 0 1 1 0 19 0 0 0 0 1
"chr9_26153098_CA_C" 0 0 13 1 0 0 0 0 0 0 0
"chr9_26186692_T_TTATTTAATTAAATTCACTGGAATGTTAAGAAAAGTTATCATCAATCTTTTATTTTAATTTTCCA" 0 0 0 0 0 0 0 0 10 0 0
"chr9_26348235_C_CA" 0 0 0 0 0 11 0 0 0 0 0
"chr9_28337294_T_TA" 0 0 7 0 0 0 0 0 0 0 0
"chr9_29616438_TG_T" 0 0 13 0 0 0 0 0 0 0 0
"chr9_29883780_CT_C" 1 0 12 0 0 0 0 0 0 0 0
"chr9_29914980_AT_A" 0 0 0 0 0 0 0 0 0 6 0
"chr9_29961367_TA_T" 0 11 0 0 0 0 0 0 0 0 0
"chr9_30571823_G_GA" 0 0 16 0 1 2 0 0 1 0 0
"chr9_30947031_G_GT" 0 0 1 0 1 0 0 0 0 28 0
"chr9_32795204_GC_G" 0 0 0 0 0 0 0 0 10 0 0
"chr9_34460825_A_AT" 0 0 15 0 1 0 1 1 0 2 0
"chr9_35180363_A_AT" 0 1 0 0 23 0 0 0 0 0 0
"chr9_37333109_G_GT" 0 0 9 1 0 0 0 0 0 0 0
"chr9_39118071_A_AT" 0 0 13 0 0 0 0 0 0 0 0
"chr9_43172569_TG_T" 0 25 0 0 0 0 0 0 0 0 0
"chr9_4733642_TC_T" 0 0 0 0 0 0 0 0 15 0 0
"chr9_61596320_CAG_C" 0 1 0 0 0 0 0 0 12 0 0
"chr9_63740626_CT_C" 0 0 0 0 23 0 0 0 0 0 0
"chr9_66904284_G_GT" 0 0 0 0 0 0 0 0 0 7 0
"chr9_69698606_G_GT" 0 20 2 0 0 0 0 0 0 0 0
"chr9_72858322_TTTA_T" 0 0 0 0 4 0 0 0 0 0 0
"chr9_72918025_TTCCATGAACCATTTG_T" 0 0 0 0 12 0 0 0 0 0 0
"chr9_74180716_CT_C" 0 0 0 0 0 25 0 0 0 0 0
"chr9_74540600_A_AT" 0 0 0 0 28 0 0 0 0 0 0
"chr9_75658840_A_AGACG" 0 0 17 0 0 0 0 0 0 0 0
"chr9_7566259_T_TTTGAGATCAA" 0 0 0 0 9 0 0 0 0 0 0
"chr9_77117935_CA_C" 0 17 0 0 1 0 1 0 0 0 0
"chr9_77710870_G_GT" 1 0 0 0 1 1 0 0 9 0 0
"chr9_79482955_AT_A" 0 0 0 1 1 0 0 0 0 15 0
"chr9_80559986_GA_G" 0 16 0 0 0 1 0 0 1 2 0
"chr9_81952510_GA_G" 0 0 0 0 0 0 0 0 18 0 0
"chr9_82379121_G_GA" 0 0 0 9 0 0 0 0 1 0 0
"chr9_84922025_A_AT" 0 0 0 0 0 0 1 0 0 9 0
"chr9_90404068_CT_C" 0 0 0 0 0 0 0 0 0 0 21
"chr9_95134713_TGGCGAGTCAGTGGTGGCGAG_T" 0 0 0 0 22 0 0 0 0 0 0
"chr9_97119394_G_GA" 0 0 0 0 0 0 0 16 1 0 0
"chr9_98124022_T_TC" 0 0 0 0 0 18 0 0 0 0 0
"chr9_98294643_A_AT" 0 0 0 16 0 0 0 0 0 0 0
"chr9_98855580_GA_G" 0 11 0 0 1 0 0 0 0 0 0
"chr9_99343234_AC_A" 0 0 0 0 0 0 0 12 0 0 0
"chrX_100604934_AT_A" 0 0 0 0 0 0 13 0 0 0 0
"chrX_101435208_GC_G" 0 0 0 0 0 0 0 0 0 23 0
"chrX_102017098_T_TTTAC" 0 0 0 0 0 0 0 0 18 0 0
"chrX_10404393_T_TA" 0 0 0 0 0 15 0 0 0 0 0
"chrX_107422101_C_CT" 0 0 15 0 0 0 0 0 0 0 0
"chrX_11626059_G_GT" 0 0 0 17 0 0 0 0 0 0 1
"chrX_116746806_GTGTTGGGTGTTTGTATATTTACAATAT_G" 0 25 0 0 0 0 0 0 0 0 0
"chrX_117790381_A_AATCT" 0 0 0 18 0 0 0 0 0 0 0
"chrX_120861232_A_AT" 0 0 0 0 0 0 13 0 0 0 0
"chrX_122256134_T_TA" 0 24 0 0 0 0 0 0 0 0 0
"chrX_12227637_CA_C" 0 0 0 0 0 0 0 0 8 0 0
"chrX_124136764_CG_C" 0 0 0 0 0 0 8 0 0 0 0
"chrX_124870981_CT_C" 0 0 0 14 0 0 0 0 0 0 0
"chrX_1271949_C_CT" 0 0 0 0 9 0 0 1 0 0 2
"chrX_127390745_G_GA" 0 0 0 0 0 1 1 0 17 0 0
"chrX_128567763_AC_A" 0 14 0 0 0 1 0 0 1 0 0
"chrX_128669526_AT_A" 0 15 0 0 0 0 0 0 0 0 0
"chrX_129471431_AT_A" 0 15 0 0 0 0 0 0 0 0 0
"chrX_138619729_TG_T" 0 0 0 0 18 0 0 0 0 0 0
"chrX_142803482_TC_T" 0 0 0 0 0 0 15 0 0 0 0
"chrX_143048543_AT_A" 0 0 0 0 0 0 0 0 14 0 0
"chrX_144020728_CA_C" 1 0 0 0 14 0 0 0 0 0 0
"chrX_144103623_TA_T" 0 0 0 0 0 15 0 0 0 0 0
"chrX_147833854_C_CT" 1 14 1 0 0 0 0 1 0 0 1
"chrX_18453897_T_TA" 0 0 0 0 0 0 0 0 11 0 0
"chrX_25228454_T_TA" 0 0 0 2 17 1 1 2 0 0 1
"chrX_27070706_A_AT" 1 17 0 1 0 0 1 1 1 1 0
"chrX_31495540_AAAAC_A" 0 0 0 14 0 0 0 0 0 0 0
"chrX_33246696_G_GT" 0 0 0 0 0 0 0 0 21 0 0
"chrX_33882229_G_GT" 0 0 15 0 2 0 1 0 1 0 0
"chrX_34331555_G_GA" 0 0 0 0 0 16 0 0 0 0 0
"chrX_37427272_C_CA" 0 0 0 2 6 0 0 0 0 0 0
"chrX_37481162_G_GA" 0 1 0 2 0 0 0 1 17 0 0
"chrX_45107509_AC_A" 0 0 0 0 0 0 0 0 22 0 0
"chrX_55623908_GTCCTGATGGAGATGGTCC_G" 0 0 0 0 0 0 0 0 0 16 0
"chrX_62577928_AT_A" 0 0 0 0 0 0 0 0 0 0 18
"chrX_65854466_CT_C" 1 14 0 0 0 0 1 1 0 0 0
"chrX_66399045_TTTG_T" 0 0 14 0 0 0 0 0 0 0 0
"chrX_66533036_CT_C" 0 0 1 0 0 0 0 0 11 0 0
"chrX_72673785_ATTTAT_A" 0 16 0 0 0 0 0 0 0 0 0
"chrX_72992501_C_CA" 0 0 0 0 0 0 0 0 0 21 0
"chrX_774832_TA_T" 0 13 0 0 0 0 0 0 0 0 0
"chrX_84162229_T_TA" 5 0 0 0 1 0 0 1 7 0 0
"chrX_84787007_G_GT" 2 0 0 0 0 0 0 0 0 4 0
"chrX_89118686_AT_A" 0 0 13 0 0 1 1 0 0 0 0
"chrX_91046545_C_CA" 0 0 0 0 0 0 15 0 0 0 0
"chrX_91083900_A_AT" 0 1 2 0 2 0 0 0 1 25 0
"chrX_92944146_G_GTA" 1 8 0 0 1 1 1 0 0 0 0
"chrX_94670665_C_CT" 0 1 0 15 1 0 0 0 0 0 0
"chrX_95301647_C_CA" 0 0 0 0 0 0 0 0 0 0 15
"chrX_96988086_A_AAT" 0 0 0 0 0 0 10 0 0 0 0
"chrY_10104897_T_TA" 0 0 0 0 13 0 0 0 0 0 0
"chrY_12807576_ATGGTCTCGATCTCCTGACCTCGTGATCCACCT_A" 0 0 0 0 17 0 0 0 0 0 0
"chrY_14279329_A_ATATTTT" 0 0 0 0 28 0 0 0 0 0 0
"chrY_16721593_A_AT" 1 0 0 1 0 0 0 13 0 0 1
"chrY_19337162_TA_T" 3 0 0 5 0 0 0 0 0 0 0
"chrY_19766028_C_CT" 3 1 1 0 0 0 1 11 0 0 0
"chrY_19833962_TA_T" 0 0 0 0 0 0 0 0 0 19 0
"chrY_5532654_G_GT" 0 1 0 13 1 1 1 2 0 0 1
"chrY_5542165_A_AT" 0 0 14 0 0 0 0 0 0 0 0
"chrY_5785899_TA_T" 0 0 0 0 0 12 0 0 0 0 0
"chrY_6790223_A_AT" 0 0 1 1 1 0 1 3 17 2 0
"chrY_8781981_GAGAAAGAAAGAAAGAA_G" 4 4 4 8 7 1 7 9 17 3 6
