"PD41754b_lo0001" "PD41754b_lo0025" "PD41754b_lo0033" "PD41754b_lo0045" "PD41754b_lo0048"
"chr1_102256958_G_A" 0 0 0 0 12
"chr1_102263986_T_C" 0 0 0 0 8
"chr1_102626456_G_A" 0 11 0 0 0
"chr1_102764648_G_A" 0 0 0 6 0
"chr1_103307623_T_A" 0 0 0 10 0
"chr1_103953661_G_C" 0 0 10 0 0
"chr1_103953810_G_A" 0 0 8 0 0
"chr1_104368749_C_T" 0 0 0 0 6
"chr1_104416733_C_A" 0 0 15 0 0
"chr1_105085489_A_T" 0 11 0 0 0
"chr1_105302059_G_A" 0 10 0 0 8
"chr1_106134083_G_A" 0 6 0 0 0
"chr1_106368496_A_T" 0 0 8 0 0
"chr1_10803062_C_A" 0 0 0 4 0
"chr1_109279346_C_A" 0 0 0 4 0
"chr1_109535434_C_T" 0 0 0 6 0
"chr1_111537640_C_A" 0 0 17 0 0
"chr1_111741967_C_T" 0 0 5 0 0
"chr1_112062230_C_A" 0 0 0 4 0
"chr1_112415563_T_G" 4 0 0 0 0
"chr1_114303633_G_A" 0 0 15 0 0
"chr1_114867030_T_A" 0 0 0 0 7
"chr1_115024955_C_T" 0 7 0 0 0
"chr1_115304132_C_A" 0 4 0 0 0
"chr1_118233793_G_T" 0 9 0 0 0
"chr1_118877114_C_A" 0 5 0 0 0
"chr1_12690954_G_A" 0 0 9 0 0
"chr1_146335333_T_C" 0 7 0 0 0
"chr1_147731237_G_T" 0 0 0 12 0
"chr1_148703371_A_G" 5 0 0 3 0
"chr1_150018570_C_T" 0 0 9 0 0
"chr1_151758067_C_A" 0 0 4 1 0
"chr1_152471776_C_A" 0 0 0 7 0
"chr1_15259917_A_G" 0 0 0 6 0
"chr1_152980608_G_A" 0 0 0 0 9
"chr1_153292518_G_A" 0 4 0 0 0
"chr1_15476223_G_A" 0 0 6 0 0
"chr1_156644563_A_G" 0 0 0 4 0
"chr1_1567662_G_A" 0 0 0 8 0
"chr1_158094977_G_A" 0 0 0 4 0
"chr1_158277416_C_T" 0 0 0 0 7
"chr1_158558745_C_T" 0 0 0 11 0
"chr1_158955298_C_T" 0 0 0 5 0
"chr1_159355660_G_A" 0 0 10 0 0
"chr1_160043241_G_C" 0 4 0 0 0
"chr1_160483774_G_A" 0 0 8 0 0
"chr1_160628065_G_A" 0 0 0 0 10
"chr1_161244578_G_A" 0 5 0 0 0
"chr1_161701978_C_A" 0 0 0 4 0
"chr1_161770791_G_A" 0 0 0 13 0
"chr1_165098058_C_T" 0 19 0 0 0
"chr1_165646850_A_G" 0 0 9 0 0
"chr1_166089435_G_A" 0 9 0 0 0
"chr1_167129073_C_A" 0 0 4 0 0
"chr1_169705259_C_A" 0 4 0 0 0
"chr1_173366661_T_A" 0 0 0 0 11
"chr1_173387405_G_C" 0 0 9 0 0
"chr1_175340764_T_C" 0 0 0 7 0
"chr1_176493365_G_A" 0 0 0 14 0
"chr1_1772808_G_C" 0 0 0 0 12
"chr1_178638902_T_C" 0 0 0 7 0
"chr1_181525571_T_C" 0 0 10 0 0
"chr1_181701299_C_T" 0 0 14 0 0
"chr1_182594634_A_G" 1 13 0 0 0
"chr1_186228435_T_C" 0 0 8 0 0
"chr1_186262511_A_C" 0 0 0 10 0
"chr1_187106164_C_T" 0 0 0 0 10
"chr1_187593042_G_A" 0 14 0 0 0
"chr1_188128399_C_A" 0 0 12 0 0
"chr1_188140760_C_T" 0 0 0 0 11
"chr1_188899430_A_C" 0 0 9 0 0
"chr1_189172417_G_A" 0 0 0 10 0
"chr1_189938180_C_T" 0 0 0 7 0
"chr1_190359861_G_T" 0 0 0 0 9
"chr1_191158476_C_T" 0 0 0 0 13
"chr1_19118412_A_G" 0 0 6 0 0
"chr1_191216340_G_C" 0 0 4 0 0
"chr1_191261525_A_G" 0 0 0 0 10
"chr1_191396789_T_A" 0 0 9 0 0
"chr1_193478066_G_A" 0 0 0 13 0
"chr1_193681203_G_A" 0 0 0 0 8
"chr1_194075313_A_T" 0 0 4 0 0
"chr1_194153696_A_G" 0 0 4 0 0
"chr1_194219826_G_A" 0 0 4 0 0
"chr1_194701738_C_A" 0 0 13 0 0
"chr1_195188212_G_T" 0 0 0 0 16
"chr1_195893684_G_A" 0 0 5 0 0
"chr1_196102880_T_C" 0 0 5 0 0
"chr1_196917275_C_A" 0 13 0 0 0
"chr1_196986702_C_T" 0 13 0 0 0
"chr1_197413607_C_A" 0 13 0 0 0
"chr1_19770707_G_C" 0 0 0 0 10
"chr1_199121625_A_T" 0 0 9 0 0
"chr1_20152247_G_T" 0 0 0 6 0
"chr1_203080400_A_G" 0 0 0 5 0
"chr1_203111643_C_T" 0 0 0 6 0
"chr1_204839131_A_G" 0 9 0 0 0
"chr1_207428694_C_T" 0 0 13 0 0
"chr1_207641819_G_A" 0 0 9 0 0
"chr1_209453822_G_A" 0 0 0 7 0
"chr1_209684669_C_A" 0 0 0 4 0
"chr1_210015898_C_T" 0 0 13 0 0
"chr1_210055032_A_G" 0 0 0 0 6
"chr1_210057820_C_T" 0 0 5 0 0
"chr1_210218497_T_C" 0 11 0 0 0
"chr1_210966172_G_A" 0 15 0 0 0
"chr1_211449091_C_A" 0 0 12 0 0
"chr1_212180803_C_G" 0 0 0 6 0
"chr1_212363461_G_A" 0 0 0 4 0
"chr1_213185982_A_C" 0 0 5 0 0
"chr1_215457683_T_G" 0 0 0 7 0
"chr1_21739756_C_T" 0 0 11 0 0
"chr1_21759603_G_A" 0 0 0 0 10
"chr1_217913883_G_T" 0 4 0 0 0
"chr1_218248746_C_T" 0 0 6 0 0
"chr1_220103887_C_A" 0 0 6 0 0
"chr1_221056965_G_T" 0 5 0 0 0
"chr1_221294118_C_T" 0 11 0 0 0
"chr1_22250336_C_T" 0 7 0 0 0
"chr1_223051096_G_A" 0 1 0 12 0
"chr1_224556180_T_C" 0 0 6 0 0
"chr1_224584468_C_A" 0 6 0 0 0
"chr1_224839381_C_T" 0 0 0 0 7
"chr1_225966624_C_T" 0 0 7 0 0
"chr1_22691355_G_A" 0 0 0 0 19
"chr1_228028530_G_A" 0 0 0 0 7
"chr1_228135536_A_G" 0 0 0 4 0
"chr1_228706642_T_A" 0 0 4 0 0
"chr1_228861581_C_T" 0 0 0 8 0
"chr1_229820246_T_A" 0 0 0 7 0
"chr1_232092307_C_T" 0 0 8 0 0
"chr1_232464295_C_T" 0 0 5 0 0
"chr1_232761987_G_T" 0 0 0 9 0
"chr1_234196406_T_C" 0 14 0 0 0
"chr1_235507968_G_T" 0 0 0 0 6
"chr1_237418585_C_A" 0 14 0 0 1
"chr1_237448536_G_A" 0 12 0 0 0
"chr1_237632594_C_T" 0 8 0 0 0
"chr1_238144285_C_T" 0 0 9 0 0
"chr1_238322222_G_A" 0 0 7 0 0
"chr1_239351351_T_A" 0 0 4 0 0
"chr1_240429190_C_G" 0 11 0 0 0
"chr1_240650212_C_T" 0 15 0 0 0
"chr1_241341616_G_T" 0 0 5 0 0
"chr1_242112645_G_A" 0 0 0 9 0
"chr1_244827807_C_A" 0 0 0 0 6
"chr1_246608123_C_A" 0 0 0 7 0
"chr1_248429200_T_C" 0 0 13 0 0
"chr1_25514965_C_A" 0 0 9 0 0
"chr1_26030069_C_A" 0 11 0 0 0
"chr1_26152910_G_A" 0 0 9 0 0
"chr1_27409119_C_G" 0 0 8 0 0
"chr1_28186699_C_T" 0 0 1 0 7
"chr1_30040234_C_A" 0 0 0 10 0
"chr1_30645019_G_A" 0 0 10 0 0
"chr1_31020310_C_G" 0 0 0 0 7
"chr1_33077265_G_A" 0 8 0 0 0
"chr1_36239151_G_A" 0 0 8 0 0
"chr1_36319745_C_T" 0 0 9 0 0
"chr1_36820656_G_A" 0 0 0 2 12
"chr1_3796836_T_A" 0 0 0 0 7
"chr1_42444574_A_G" 0 0 0 6 0
"chr1_42988516_C_T" 0 7 0 0 0
"chr1_46414949_T_C" 0 0 0 5 0
"chr1_49833468_C_T" 0 0 0 0 8
"chr1_50055579_G_A" 0 0 0 12 0
"chr1_50150723_T_A" 0 0 0 10 0
"chr1_53869967_G_C" 1 0 0 6 0
"chr1_54051137_G_A" 0 0 0 0 5
"chr1_57182313_G_T" 0 0 9 0 0
"chr1_66125811_T_C" 0 0 0 10 0
"chr1_67625570_C_T" 0 0 10 0 0
"chr1_68341740_G_T" 0 8 0 0 0
"chr1_69483141_G_A" 0 0 0 13 0
"chr1_69542075_C_G" 0 0 0 9 0
"chr1_69695100_A_T" 0 0 5 0 0
"chr1_70007637_G_A" 0 0 10 0 0
"chr1_70196275_C_T" 0 0 0 7 0
"chr1_70286469_T_A" 0 0 0 6 0
"chr1_71130944_C_T" 0 0 10 0 0
"chr1_71218731_C_T" 0 0 0 7 0
"chr1_71701559_C_G" 0 0 9 0 0
"chr1_74125570_G_T" 0 7 0 0 0
"chr1_74582501_C_A" 0 0 0 5 0
"chr1_74848092_A_T" 0 0 0 0 14
"chr1_78812880_G_A" 0 0 0 0 17
"chr1_79317341_T_C" 0 0 0 5 0
"chr1_79807640_A_G" 0 0 0 13 0
"chr1_80585625_C_A" 0 0 4 0 0
"chr1_81370742_T_C" 0 0 0 6 0
"chr1_82347732_T_A" 0 0 0 9 0
"chr1_83945820_C_A" 0 17 0 0 0
"chr1_85104526_T_C" 0 0 0 0 8
"chr1_85645742_C_T" 0 9 0 0 0
"chr1_87954725_C_T" 0 0 0 0 8
"chr1_88362001_C_T" 0 0 0 10 0
"chr1_88613216_C_T" 0 4 0 0 0
"chr1_88915220_T_A" 0 0 0 5 0
"chr1_88998506_C_A" 0 0 4 0 0
"chr1_89402435_C_T" 0 0 0 6 0
"chr1_89544289_G_T" 0 9 0 0 0
"chr1_89569775_A_G" 0 7 0 0 0
"chr1_89822025_C_T" 0 0 0 9 0
"chr1_90146848_G_T" 0 0 12 0 0
"chr1_90906642_A_G" 0 7 0 0 0
"chr1_91388461_C_T" 0 0 7 0 0
"chr1_91401081_A_T" 0 0 4 0 0
"chr1_92765628_T_C" 0 0 8 0 0
"chr1_95881008_G_A" 0 0 0 6 0
"chr1_96182276_C_A" 0 0 0 0 13
"chr1_97582449_A_G" 0 0 11 0 0
"chr1_98295775_T_G" 0 0 0 4 0
"chr1_99562053_C_A" 0 0 0 0 9
"chr10_10042970_G_T" 0 0 0 6 0
"chr10_10076790_G_A" 0 0 0 4 0
"chr10_10250096_A_T" 0 10 0 0 0
"chr10_102834671_T_A" 0 16 0 0 0
"chr10_103143964_A_G" 0 0 0 5 0
"chr10_10446061_G_A" 0 0 8 0 0
"chr10_104493511_C_T" 0 4 0 0 0
"chr10_106686413_G_A" 0 0 0 0 10
"chr10_107781193_C_T" 0 0 18 0 0
"chr10_108725625_C_T" 0 0 10 0 0
"chr10_108891947_A_G" 0 0 0 4 0
"chr10_108987657_G_T" 0 0 0 9 0
"chr10_110037793_G_A" 0 0 0 4 0
"chr10_111183402_C_T" 0 0 0 0 12
"chr10_111311053_G_T" 0 12 0 0 0
"chr10_111777813_G_A" 0 0 0 5 0
"chr10_113067944_G_A" 0 0 0 0 8
"chr10_114535988_G_T" 0 0 4 0 0
"chr10_115070345_A_T" 0 0 0 0 14
"chr10_115618927_C_T" 0 0 14 0 0
"chr10_115623941_G_T" 0 7 0 0 0
"chr10_116974370_T_C" 0 0 0 0 16
"chr10_117123528_C_T" 0 0 0 0 6
"chr10_117788953_T_G" 0 0 0 0 14
"chr10_118215678_C_T" 0 23 0 0 0
"chr10_11840087_G_A" 0 4 0 0 0
"chr10_118943668_C_G" 0 5 0 0 0
"chr10_119203130_C_G" 0 0 0 7 0
"chr10_120696139_G_T" 0 0 0 11 0
"chr10_120758682_A_G" 0 0 0 0 10
"chr10_122315683_A_G" 0 0 0 0 15
"chr10_122415474_G_T" 0 0 9 0 0
"chr10_12271088_C_T" 0 0 0 5 0
"chr10_123002617_G_T" 0 0 0 4 0
"chr10_123535105_G_A" 0 0 4 0 0
"chr10_124556193_C_T" 0 0 7 0 0
"chr10_125197123_C_T" 0 0 0 0 7
"chr10_126521789_T_G" 0 0 0 5 0
"chr10_126875976_C_T" 0 0 0 0 13
"chr10_127987685_A_G" 0 0 0 5 0
"chr10_129277251_G_T" 0 10 0 0 0
"chr10_130789369_C_T" 0 0 4 0 0
"chr10_131195942_C_T" 0 0 0 0 13
"chr10_131402849_C_T" 0 0 7 0 0
"chr10_131771525_G_A" 0 0 0 0 9
"chr10_132111669_A_T" 0 0 0 6 0
"chr10_133786526_C_G" 7 0 4 2 1
"chr10_14648991_T_G" 0 0 13 0 0
"chr10_14664167_C_A" 0 0 4 0 0
"chr10_15024834_A_G" 0 0 0 0 5
"chr10_15237533_G_C" 0 0 0 13 0
"chr10_18374337_G_C" 0 5 0 0 0
"chr10_19259046_A_T" 0 10 0 0 0
"chr10_19686469_G_A" 0 0 0 4 0
"chr10_19916303_G_A" 0 0 0 4 0
"chr10_20108754_T_C" 0 0 17 0 0
"chr10_20209769_C_T" 0 0 0 4 0
"chr10_206084_G_A" 0 0 0 4 0
"chr10_20633428_G_A" 0 0 0 7 0
"chr10_25986569_A_G" 0 0 0 9 0
"chr10_26029935_T_C" 0 0 4 0 0
"chr10_26034807_C_T" 0 0 5 0 0
"chr10_26943968_T_A" 0 0 0 5 0
"chr10_29533435_A_G" 0 5 0 0 0
"chr10_29959561_A_G" 0 0 6 0 0
"chr10_30069717_C_A" 0 0 4 0 0
"chr10_30077387_C_T" 0 0 0 10 0
"chr10_30168729_T_C" 0 0 0 6 0
"chr10_30665108_C_T" 0 8 0 0 0
"chr10_31357623_G_T" 0 0 13 0 0
"chr10_31433459_A_G" 0 10 0 0 0
"chr10_32382243_C_A" 0 0 0 6 0
"chr10_33711203_G_A" 0 0 5 0 0
"chr10_33947425_T_G" 0 0 0 0 6
"chr10_35136525_G_T" 0 4 0 0 0
"chr10_37624207_A_G" 0 0 0 0 12
"chr10_38223080_G_T" 0 9 0 0 0
"chr10_38751262_T_A" 0 8 0 0 0
"chr10_38995631_T_C" 0 4 0 0 0
"chr10_39042644_A_T" 0 0 17 0 0
"chr10_42383249_G_C" 0 0 6 0 0
"chr10_42417998_T_G" 0 0 0 6 0
"chr10_42627410_T_C" 0 0 0 4 0
"chr10_42846305_G_T" 0 0 5 0 0
"chr10_43045372_A_G" 0 0 0 9 0
"chr10_43250427_A_G" 0 5 0 0 0
"chr10_43782845_T_C" 0 0 9 0 0
"chr10_44855741_C_A" 0 10 0 0 0
"chr10_45646111_G_T" 0 0 0 0 9
"chr10_47149216_A_G" 0 0 0 0 10
"chr10_47251431_A_G" 0 5 0 0 0
"chr10_47294580_G_A" 0 12 0 0 0
"chr10_49296452_G_A" 0 0 8 0 0
"chr10_49418216_G_T" 0 0 8 0 0
"chr10_49946009_G_T" 0 4 0 0 2
"chr10_50186078_C_T" 2 5 4 0 0
"chr10_54018606_C_A" 0 0 0 0 17
"chr10_54497890_A_G" 0 15 0 0 0
"chr10_54676194_A_T" 0 13 0 0 0
"chr10_54798666_A_T" 0 0 0 0 4
"chr10_54927020_G_A" 0 0 13 0 0
"chr10_55751274_T_G" 0 0 0 0 15
"chr10_5670200_G_T" 0 0 6 0 0
"chr10_56811411_A_T" 0 0 0 6 0
"chr10_57098300_T_G" 0 0 11 0 0
"chr10_57136998_T_A" 0 0 0 7 0
"chr10_57975246_C_T" 0 0 8 0 0
"chr10_59293677_A_G" 0 9 0 0 0
"chr10_59431846_T_C" 0 7 0 0 0
"chr10_59739007_C_T" 0 0 0 5 0
"chr10_60097274_C_G" 0 0 11 0 0
"chr10_6393646_A_G" 0 0 5 0 0
"chr10_67135034_A_G" 0 14 0 0 0
"chr10_67135037_G_A" 0 14 0 0 0
"chr10_67172529_A_G" 0 7 0 0 0
"chr10_67877146_G_A" 0 7 0 0 0
"chr10_67941431_T_C" 0 0 0 6 0
"chr10_6795439_G_T" 0 0 0 4 0
"chr10_70354327_G_A" 0 0 0 0 7
"chr10_72202793_T_G" 0 9 0 0 0
"chr10_74164903_T_G" 0 0 13 0 0
"chr10_7465911_A_G" 0 0 10 0 0
"chr10_76784735_A_C" 0 0 0 5 0
"chr10_77640959_G_C" 0 0 0 6 0
"chr10_80399077_G_C" 0 13 0 0 0
"chr10_80565813_G_A" 0 0 0 0 6
"chr10_812809_C_G" 0 0 4 0 0
"chr10_81518462_A_G" 0 0 8 0 0
"chr10_82114327_A_T" 0 0 7 0 0
"chr10_83242689_C_A" 0 0 0 9 0
"chr10_83242699_G_T" 0 0 0 9 0
"chr10_85181449_C_T" 0 0 5 0 0
"chr10_85704728_G_A" 0 0 12 0 0
"chr10_8934714_T_A" 0 0 6 0 0
"chr10_89974236_C_T" 0 0 0 5 0
"chr10_90520772_G_A" 0 0 7 0 0
"chr10_90591683_C_T" 0 0 0 13 0
"chr10_93309824_G_A" 0 0 7 0 0
"chr10_93382573_T_C" 0 5 0 0 0
"chr10_93842315_A_T" 0 0 0 13 0
"chr10_95217679_C_T" 0 0 0 8 0
"chr10_96180019_C_A" 0 0 4 0 0
"chr10_96194768_A_T" 0 0 0 4 0
"chr10_96528361_T_A" 0 0 0 0 7
"chr10_98849785_G_A" 0 0 0 6 0
"chr10_9889914_G_A" 0 0 0 8 0
"chr10_99644934_G_C" 0 16 0 0 0
"chr11_100173752_C_T" 0 0 0 6 0
"chr11_100283039_C_T" 0 0 0 0 8
"chr11_100682177_G_A" 0 0 7 0 0
"chr11_101887831_C_T" 0 0 0 0 16
"chr11_102546913_G_A" 0 0 0 0 11
"chr11_103240115_T_C" 0 0 0 4 0
"chr11_104818164_T_A" 0 8 0 0 0
"chr11_104866912_C_T" 0 0 0 0 6
"chr11_106497707_A_G" 0 0 0 0 14
"chr11_106511899_C_A" 0 4 0 0 0
"chr11_106924033_G_A" 0 0 0 0 5
"chr11_108555147_G_A" 0 0 4 0 0
"chr11_108636352_G_A" 0 0 0 7 0
"chr11_108834114_C_A" 0 0 0 4 0
"chr11_111117145_G_A" 0 10 0 0 0
"chr11_111222009_G_A" 0 6 0 0 0
"chr11_112087974_G_C" 0 0 0 0 4
"chr11_114740551_A_T" 0 0 0 5 0
"chr11_11803794_T_A" 0 0 0 5 0
"chr11_121924285_C_T" 0 5 0 0 0
"chr11_125082223_G_A" 0 0 0 7 0
"chr11_125198998_G_A" 0 0 10 0 0
"chr11_125255736_C_T" 0 7 0 0 0
"chr11_125341159_C_A" 0 0 0 5 0
"chr11_125466658_G_T" 0 4 0 0 0
"chr11_126380698_C_T" 0 0 10 0 0
"chr11_127091155_C_A" 0 0 0 0 9
"chr11_128755658_C_A" 0 0 0 8 0
"chr11_130951686_A_G" 0 12 0 0 0
"chr11_131096544_C_T" 0 0 0 5 0
"chr11_131102138_G_T" 0 0 1 7 0
"chr11_131193954_C_T" 0 0 11 0 0
"chr11_132063338_G_A" 0 0 10 0 0
"chr11_132381704_C_T" 0 0 0 0 11
"chr11_132715353_T_C" 0 0 8 0 0
"chr11_133755211_G_T" 0 7 0 0 0
"chr11_134294771_G_A" 0 0 5 0 0
"chr11_14229755_G_A" 0 10 0 0 0
"chr11_16426689_C_T" 0 0 0 0 9
"chr11_1708508_G_A" 0 8 0 0 0
"chr11_18621274_T_A" 0 5 0 0 0
"chr11_20282139_C_A" 0 0 0 4 0
"chr11_20757565_G_T" 0 0 0 0 9
"chr11_21076247_C_T" 0 0 6 0 0
"chr11_25740256_G_T" 1 0 0 6 0
"chr11_25971035_C_A" 0 0 15 0 0
"chr11_26116745_G_A" 0 0 9 0 0
"chr11_26423574_G_A" 0 12 0 0 0
"chr11_26465801_G_A" 0 8 0 0 0
"chr11_27071353_G_A" 0 0 0 6 0
"chr11_27108104_G_T" 0 0 0 7 0
"chr11_29119898_C_T" 0 0 6 0 0
"chr11_29720072_G_T" 0 15 0 0 0
"chr11_30804428_C_T" 0 0 0 0 6
"chr11_32016276_T_C" 0 0 15 0 0
"chr11_32207768_C_A" 0 0 9 0 0
"chr11_33104327_G_A" 0 0 0 12 0
"chr11_33405798_C_T" 0 0 0 6 0
"chr11_33609804_G_A" 0 0 7 0 0
"chr11_33672269_C_A" 0 11 0 0 0
"chr11_36194451_C_G" 0 0 0 6 0
"chr11_37417028_C_A" 0 5 0 0 0
"chr11_38031390_G_A" 0 0 0 10 0
"chr11_38895841_C_T" 0 0 0 5 0
"chr11_40556260_C_T" 0 0 12 0 0
"chr11_40581964_T_A" 0 0 19 0 0
"chr11_41328531_C_T" 0 5 0 0 0
"chr11_41526492_C_T" 0 4 0 0 0
"chr11_42262652_T_A" 0 0 8 0 0
"chr11_42416471_G_T" 0 0 0 0 6
"chr11_42832228_A_G" 0 0 11 0 0
"chr11_42850544_C_T" 0 0 0 0 13
"chr11_42878894_G_T" 0 11 0 0 0
"chr11_44969724_C_T" 0 0 0 5 0
"chr11_45263685_G_A" 0 0 16 0 0
"chr11_45561380_G_A" 0 0 10 0 0
"chr11_46392999_G_A" 0 0 8 0 0
"chr11_46657109_C_T" 0 10 0 0 0
"chr11_46795899_C_T" 0 0 9 0 0
"chr11_47561846_A_C" 0 0 0 6 0
"chr11_49255075_T_A" 0 0 0 9 0
"chr11_49325588_G_T" 0 0 11 0 0
"chr11_49422514_C_A" 0 0 0 6 0
"chr11_50201192_G_T" 0 0 11 0 0
"chr11_50206211_A_G" 0 0 0 6 0
"chr11_54800403_T_A" 0 0 0 0 10
"chr11_55398206_C_T" 0 0 0 0 13
"chr11_56168630_G_A" 0 0 0 4 0
"chr11_56790431_C_A" 0 0 8 0 0
"chr11_57851134_C_T" 0 0 0 14 0
"chr11_58340883_G_T" 0 0 0 12 0
"chr11_5978939_T_A" 0 0 0 9 0
"chr11_60119697_G_A" 0 0 0 0 7
"chr11_60801294_G_A" 0 0 0 6 0
"chr11_60912296_A_T" 0 0 14 0 0
"chr11_61819411_C_T" 0 0 0 0 16
"chr11_64941060_G_A" 0 0 4 0 0
"chr11_66328518_C_A" 0 8 0 0 0
"chr11_6870199_T_A" 0 5 0 0 0
"chr11_6890287_A_G" 0 0 0 0 7
"chr11_69312186_C_T" 0 11 0 0 0
"chr11_70364361_G_A" 0 11 0 0 0
"chr11_70915804_C_T" 0 8 0 0 0
"chr11_71577108_G_A" 0 0 15 0 0
"chr11_71712455_C_T" 0 0 0 7 0
"chr11_73852567_C_A" 0 0 0 4 0
"chr11_74157054_C_T" 0 0 0 0 4
"chr11_745531_C_A" 0 0 0 0 4
"chr11_745550_C_A" 0 0 0 0 4
"chr11_76060800_G_A" 0 0 6 0 0
"chr11_7863124_C_A" 0 0 0 12 0
"chr11_79342797_G_A" 0 0 0 6 0
"chr11_80788641_A_C" 0 0 0 0 13
"chr11_81386557_C_T" 0 0 0 0 11
"chr11_81394156_G_T" 0 7 0 0 0
"chr11_81710474_G_A" 0 8 0 0 0
"chr11_81985459_C_A" 0 0 0 4 0
"chr11_82381004_G_A" 0 7 0 0 0
"chr11_84142534_C_T" 0 0 0 4 0
"chr11_87197001_T_G" 0 10 0 0 0
"chr11_8790808_G_A" 0 11 0 0 0
"chr11_89337932_G_T" 0 0 11 0 0
"chr11_89422595_G_T" 0 0 4 0 0
"chr11_89658355_C_T" 0 0 0 0 11
"chr11_90194140_C_T" 0 0 7 0 0
"chr11_90555218_A_G" 0 0 0 13 0
"chr11_91120879_A_T" 0 15 0 0 0
"chr11_9446516_C_G" 0 0 0 0 13
"chr11_96162450_A_T" 0 0 0 0 4
"chr11_99255166_A_G" 0 0 0 0 21
"chr11_99270545_C_A" 0 0 10 0 0
"chr11_99303927_T_A" 0 0 0 6 0
"chr11_99303932_A_T" 0 0 0 6 0
"chr11_9975653_T_A" 0 0 14 0 0
"chr12_101128828_T_A" 0 0 0 0 17
"chr12_101138145_T_A" 0 0 0 7 0
"chr12_102466364_G_T" 0 0 11 0 0
"chr12_102818377_C_A" 0 0 10 0 0
"chr12_102893499_T_A" 0 0 5 0 0
"chr12_103189711_C_A" 0 0 0 0 9
"chr12_104381729_A_C" 0 9 0 0 0
"chr12_105494830_G_T" 0 0 4 0 0
"chr12_105925506_A_G" 0 0 13 0 0
"chr12_107435222_T_A" 0 14 0 0 0
"chr12_107863693_A_C" 0 0 18 0 0
"chr12_108919263_C_T" 0 0 0 12 0
"chr12_109360737_C_A" 0 0 14 0 0
"chr12_109658076_C_T" 0 13 0 0 0
"chr12_113096129_C_G" 0 8 0 0 0
"chr12_113159972_A_C" 0 0 8 0 0
"chr12_114005344_G_A" 0 1 14 0 0
"chr12_114586354_C_T" 0 0 8 0 0
"chr12_114956851_G_A" 0 4 0 0 0
"chr12_115630386_C_T" 0 0 12 0 0
"chr12_117024262_G_C" 0 0 7 0 0
"chr12_119081716_T_C" 0 0 6 0 0
"chr12_119314704_G_A" 0 0 0 6 0
"chr12_119845662_A_C" 0 0 8 0 0
"chr12_120158323_C_T" 0 6 0 0 0
"chr12_120165221_G_C" 0 0 0 0 10
"chr12_121146502_G_A" 0 0 0 0 10
"chr12_124352986_T_C" 0 0 0 7 0
"chr12_125299833_C_T" 0 0 10 0 0
"chr12_126082673_G_T" 0 0 12 0 0
"chr12_126322419_T_A" 0 0 0 0 7
"chr12_126942141_T_G" 0 0 0 10 0
"chr12_127519606_T_A" 0 12 0 0 0
"chr12_127773526_G_T" 0 10 0 0 0
"chr12_127988013_C_A" 0 0 12 0 0
"chr12_128540701_C_G" 0 10 0 0 0
"chr12_128663275_C_A" 0 0 0 6 0
"chr12_129102701_G_A" 0 7 0 0 0
"chr12_129557896_A_G" 0 0 0 12 0
"chr12_129854951_C_A" 0 0 0 8 0
"chr12_129891515_G_A" 0 0 9 0 0
"chr12_130533181_G_T" 0 0 4 0 0
"chr12_130669953_C_T" 0 0 8 0 0
"chr12_131122214_C_T" 0 0 0 0 7
"chr12_14249798_G_A" 0 0 0 0 9
"chr12_16845424_G_T" 0 7 0 0 0
"chr12_17241873_G_A" 0 0 0 0 11
"chr12_17268103_G_A" 0 0 0 14 0
"chr12_18839276_C_T" 0 7 0 0 0
"chr12_19753501_G_A" 0 0 0 7 0
"chr12_20535373_T_A" 0 0 13 0 0
"chr12_20991698_T_G" 0 0 0 0 8
"chr12_21046382_G_A" 1 0 5 0 0
"chr12_2252792_C_T" 0 14 0 0 0
"chr12_23184709_T_A" 0 0 6 0 0
"chr12_23319080_G_T" 0 0 0 0 14
"chr12_25827318_G_A" 0 0 17 0 0
"chr12_26219553_A_T" 0 0 0 8 0
"chr12_29146721_G_C" 0 0 0 0 4
"chr12_30145949_G_A" 0 0 13 0 0
"chr12_30148374_C_A" 0 0 0 0 9
"chr12_31158270_C_T" 0 0 0 0 12
"chr12_32246231_C_A" 0 4 0 0 0
"chr12_3234942_C_T" 0 0 0 4 0
"chr12_32729319_G_A" 0 0 0 0 8
"chr12_33683801_G_A" 0 6 0 0 0
"chr12_34522218_G_A" 0 7 0 0 0
"chr12_3706061_C_T" 0 0 12 0 0
"chr12_37438042_G_T" 0 0 13 0 0
"chr12_3744325_C_T" 0 0 12 0 0
"chr12_38054674_C_T" 0 0 0 7 0
"chr12_3811808_C_T" 0 0 0 0 11
"chr12_38752479_A_G" 0 13 0 0 0
"chr12_38854583_G_A" 0 9 0 0 0
"chr12_39262238_G_A" 0 0 0 8 0
"chr12_39651546_T_C" 0 12 0 0 0
"chr12_40280171_C_T" 0 0 0 0 12
"chr12_40785106_A_G" 0 0 0 7 0
"chr12_40801933_G_A" 0 0 8 0 0
"chr12_41243018_T_A" 0 0 0 6 0
"chr12_42762984_G_A" 0 9 0 0 0
"chr12_43609215_T_G" 0 12 0 0 0
"chr12_4813684_A_G" 0 5 0 0 0
"chr12_4871905_G_A" 0 0 4 0 0
"chr12_4965485_C_T" 0 0 5 0 0
"chr12_49808734_A_T" 0 0 6 0 0
"chr12_53903201_C_T" 0 0 7 0 0
"chr12_55384519_C_G" 0 0 11 0 0
"chr12_56230180_T_G" 0 4 0 0 0
"chr12_56405383_A_T" 0 0 4 0 0
"chr12_56483867_T_G" 0 11 0 0 0
"chr12_5743192_G_A" 0 0 9 0 0
"chr12_58196419_G_T" 0 0 0 4 0
"chr12_58678321_G_T" 0 0 0 5 0
"chr12_59237961_T_C" 0 0 0 15 0
"chr12_6030533_A_C" 0 0 0 0 8
"chr12_60428047_G_T" 0 0 7 0 0
"chr12_60736369_C_G" 0 0 5 0 0
"chr12_61519136_C_T" 0 0 12 0 0
"chr12_64985846_G_A" 0 9 0 0 0
"chr12_65366792_G_T" 0 1 9 0 0
"chr12_66060464_C_A" 0 0 0 0 15
"chr12_68119658_A_G" 0 0 0 4 0
"chr12_6914789_C_T" 0 0 6 0 0
"chr12_69427232_A_G" 4 1 0 0 0
"chr12_70183176_C_T" 0 11 0 0 0
"chr12_70445455_G_A" 0 0 16 0 0
"chr12_70949628_G_A" 0 0 9 0 0
"chr12_73412542_G_A" 0 0 13 0 0
"chr12_74953213_T_A" 0 0 8 0 0
"chr12_76169844_G_A" 0 0 8 0 0
"chr12_77197341_A_G" 0 0 9 0 0
"chr12_7879384_C_A" 0 0 0 0 4
"chr12_78892162_G_A" 0 0 11 0 0
"chr12_78926407_G_A" 0 13 0 0 0
"chr12_78969904_G_T" 0 0 11 0 0
"chr12_8027406_G_T" 0 0 0 5 0
"chr12_80379132_C_A" 0 0 11 0 0
"chr12_80773336_G_A" 0 0 12 0 0
"chr12_81117916_A_C" 0 0 0 0 7
"chr12_81327981_T_G" 0 0 0 8 0
"chr12_81360127_T_C" 0 0 0 10 0
"chr12_81579871_A_T" 0 13 0 0 0
"chr12_83395266_C_T" 0 8 0 0 0
"chr12_84451300_C_T" 0 0 14 0 0
"chr12_85577319_G_T" 0 0 10 0 0
"chr12_86487999_G_A" 0 0 12 0 0
"chr12_88349163_C_T" 0 0 0 0 11
"chr12_88835295_G_A" 0 0 0 0 11
"chr12_91260130_C_T" 0 0 0 0 12
"chr12_92298680_A_C" 0 0 0 8 0
"chr12_94124874_C_T" 0 9 0 0 0
"chr12_94922889_T_C" 0 0 4 0 0
"chr12_95376586_C_A" 0 0 4 0 0
"chr12_97116302_G_A" 0 0 0 4 0
"chr12_97429651_G_A" 0 9 0 0 0
"chr13_100946363_C_A" 0 0 5 0 0
"chr13_101305340_C_T" 0 0 8 0 0
"chr13_101717844_T_C" 0 0 10 0 0
"chr13_101875616_C_A" 0 0 0 9 0
"chr13_103476894_G_T" 0 0 5 0 0
"chr13_103787445_C_A" 0 13 0 0 0
"chr13_104380357_G_T" 0 0 0 6 0
"chr13_104883090_C_G" 0 0 0 5 0
"chr13_105033856_G_T" 0 16 0 0 0
"chr13_105474943_G_A" 0 0 11 0 0
"chr13_107034950_G_T" 0 10 0 0 0
"chr13_107176634_T_C" 0 0 0 5 0
"chr13_108085700_A_C" 0 12 0 0 0
"chr13_108489860_A_G" 0 10 0 0 0
"chr13_109256439_C_T" 0 0 0 8 0
"chr13_110384871_T_A" 0 0 0 5 0
"chr13_111341827_C_G" 0 4 0 0 0
"chr13_111506379_C_A" 0 0 0 0 16
"chr13_112438538_G_A" 0 0 8 0 0
"chr13_112654844_C_T" 0 6 0 0 0
"chr13_113172244_G_C" 0 5 0 0 0
"chr13_113825562_C_G" 0 4 0 0 0
"chr13_18781914_C_T" 0 0 13 0 0
"chr13_19000382_G_A" 0 0 8 0 0
"chr13_19194461_G_A" 0 14 0 0 0
"chr13_21172026_C_T" 0 4 0 0 0
"chr13_22900681_C_T" 0 0 9 0 0
"chr13_24714713_T_C" 0 16 0 0 0
"chr13_25824885_G_C" 0 4 0 0 0
"chr13_28625030_G_A" 0 0 0 13 0
"chr13_29366594_G_A" 0 0 0 0 11
"chr13_29965406_C_T" 0 0 0 4 0
"chr13_35933519_G_A" 0 7 0 0 0
"chr13_36050190_G_A" 0 14 0 0 16
"chr13_39231404_C_T" 0 12 0 0 0
"chr13_39419941_C_T" 0 17 0 0 0
"chr13_42574416_C_T" 0 0 0 6 0
"chr13_42912527_G_C" 0 0 0 5 0
"chr13_44504899_C_A" 0 0 5 0 0
"chr13_46466126_G_C" 0 0 6 0 0
"chr13_46466127_G_A" 0 0 6 0 0
"chr13_47588488_A_G" 0 0 13 0 0
"chr13_47898793_C_T" 0 0 0 9 0
"chr13_48344953_A_G" 0 4 0 0 0
"chr13_49515858_C_G" 0 4 0 0 0
"chr13_50622776_G_A" 0 14 0 0 0
"chr13_50704589_C_T" 0 0 0 0 6
"chr13_51045077_C_T" 0 0 0 4 0
"chr13_52061216_A_T" 0 7 0 0 0
"chr13_53233884_G_A" 0 0 10 0 0
"chr13_53447532_G_A" 0 0 0 9 0
"chr13_53570979_C_T" 0 4 0 0 0
"chr13_54049581_T_G" 0 0 5 0 0
"chr13_55091493_A_C" 0 0 11 0 0
"chr13_56230132_A_T" 0 12 0 0 0
"chr13_57011195_G_A" 0 0 15 0 0
"chr13_57273191_T_G" 0 0 4 0 0
"chr13_58575928_G_A" 0 0 0 4 0
"chr13_59700463_G_T" 0 6 0 0 0
"chr13_62322621_G_T" 0 17 0 0 0
"chr13_63509475_G_A" 0 0 13 0 0
"chr13_63688454_C_A" 0 0 0 0 11
"chr13_64456320_C_A" 0 0 0 5 0
"chr13_64617566_T_G" 0 0 0 0 6
"chr13_65065164_A_C" 0 0 0 14 0
"chr13_67823188_C_T" 0 0 5 0 0
"chr13_68196822_C_A" 0 1 0 10 0
"chr13_68362203_C_A" 1 0 0 6 0
"chr13_68559362_G_A" 0 0 10 0 0
"chr13_68611973_A_T" 0 0 9 0 0
"chr13_71134926_G_A" 0 11 0 0 0
"chr13_71475440_A_G" 0 0 17 0 0
"chr13_71478004_A_G" 0 0 0 0 10
"chr13_72067208_A_G" 0 0 0 0 7
"chr13_72567917_G_A" 0 0 11 0 0
"chr13_74997845_G_A" 0 0 0 0 13
"chr13_75541031_A_G" 0 0 0 0 10
"chr13_76334273_A_T" 0 16 0 0 0
"chr13_76584461_G_A" 0 0 0 12 0
"chr13_77630493_A_G" 0 0 0 5 0
"chr13_78446861_C_T" 0 0 0 0 10
"chr13_81520194_G_T" 0 11 0 0 0
"chr13_82036430_C_A" 0 0 12 0 0
"chr13_82196041_C_T" 0 0 6 0 0
"chr13_82560292_G_T" 0 0 0 5 0
"chr13_82619795_A_G" 0 0 0 0 15
"chr13_83224587_C_T" 0 4 0 0 0
"chr13_83247571_C_T" 0 0 13 0 0
"chr13_83511119_C_T" 1 0 9 0 0
"chr13_83516895_C_A" 0 0 0 0 18
"chr13_84066815_T_C" 0 17 0 0 0
"chr13_84366524_A_G" 0 0 5 0 0
"chr13_84534973_A_T" 0 0 8 0 0
"chr13_86155138_G_A" 0 9 0 0 0
"chr13_86168861_C_T" 0 0 0 0 12
"chr13_87079764_G_A" 0 0 0 0 8
"chr13_87239654_T_C" 0 0 15 0 0
"chr13_87473165_G_A" 0 0 0 8 0
"chr13_88280041_T_C" 0 0 0 6 0
"chr13_88490112_G_A" 0 9 0 0 0
"chr13_89581652_T_G" 0 0 4 0 0
"chr13_90006853_C_T" 0 0 0 15 0
"chr13_90408104_G_A" 0 0 0 9 0
"chr13_90505692_T_C" 0 0 0 0 5
"chr13_90510256_T_C" 0 4 0 0 0
"chr13_91307438_A_T" 0 0 0 0 4
"chr13_91494125_C_T" 0 0 6 0 0
"chr13_91865616_T_A" 0 4 0 0 0
"chr13_91921778_T_A" 0 0 0 4 0
"chr13_92389548_A_T" 0 0 8 0 0
"chr13_92978274_A_G" 0 0 16 0 0
"chr13_92988191_T_G" 0 0 18 0 0
"chr13_93878411_C_T" 0 0 0 11 0
"chr13_94094359_G_A" 0 0 5 0 0
"chr13_95276277_T_C" 0 0 0 0 12
"chr13_95479509_G_A" 0 0 14 0 0
"chr13_96463804_C_G" 0 0 0 4 0
"chr14_101152265_C_T" 0 7 0 0 0
"chr14_103726731_T_C" 0 14 0 0 0
"chr14_104561382_G_A" 0 10 0 0 0
"chr14_104936519_G_A" 0 0 0 8 0
"chr14_105605445_C_T" 0 0 4 0 0
"chr14_105990144_G_C" 0 0 0 10 0
"chr14_19344302_G_A" 0 6 0 0 0
"chr14_19416087_G_T" 0 0 0 7 0
"chr14_19884367_G_A" 0 0 0 8 0
"chr14_21495254_T_C" 0 0 0 6 0
"chr14_21588906_G_T" 0 8 0 0 0
"chr14_22545875_C_A" 0 9 0 1 0
"chr14_22889184_C_A" 0 0 4 0 0
"chr14_24187572_A_G" 0 0 9 0 0
"chr14_24955779_G_A" 0 0 0 0 5
"chr14_25337106_T_A" 0 0 0 0 4
"chr14_25604014_T_A" 0 0 11 0 0
"chr14_25932843_T_C" 0 11 0 0 0
"chr14_25932873_G_C" 0 13 0 0 0
"chr14_27611122_G_A" 0 0 0 0 14
"chr14_28330844_C_T" 0 1 14 0 0
"chr14_29925478_T_C" 0 0 0 5 0
"chr14_31082723_C_T" 0 0 0 6 0
"chr14_31102938_T_C" 0 0 6 0 0
"chr14_32845156_G_A" 0 10 0 0 0
"chr14_33811048_G_T" 0 0 5 0 0
"chr14_36103570_C_T" 6 0 0 0 0
"chr14_36382207_C_T" 0 0 0 13 0
"chr14_36592207_G_T" 0 0 0 0 10
"chr14_36760618_T_A" 0 0 9 0 0
"chr14_38403649_C_T" 0 4 0 0 0
"chr14_40235005_C_T" 0 0 5 0 0
"chr14_40995753_G_A" 0 0 9 0 0
"chr14_41399181_A_C" 0 0 0 7 0
"chr14_41502719_C_A" 0 0 14 0 0
"chr14_41630779_C_T" 0 0 0 10 0
"chr14_41705368_T_A" 0 0 12 0 0
"chr14_42076606_G_A" 0 0 0 12 0
"chr14_42746304_C_T" 0 0 10 0 0
"chr14_43154547_G_T" 0 0 0 4 0
"chr14_43468431_C_A" 0 0 11 0 0
"chr14_44087465_C_T" 0 0 0 8 0
"chr14_44450327_C_T" 0 0 0 0 11
"chr14_45833229_T_C" 0 0 0 10 0
"chr14_46035470_C_T" 0 0 0 0 13
"chr14_46073613_C_T" 0 10 0 0 0
"chr14_47912016_T_C" 0 0 0 8 0
"chr14_48619100_C_T" 0 5 0 0 0
"chr14_50926652_G_C" 0 0 0 0 5
"chr14_51487146_G_A" 0 0 6 0 0
"chr14_55493289_C_A" 0 10 0 0 0
"chr14_57267912_C_T" 0 0 0 8 0
"chr14_57475639_G_A" 0 0 4 0 0
"chr14_58852681_G_A" 0 11 0 0 0
"chr14_58907632_G_A" 0 0 0 9 0
"chr14_59633683_G_C" 0 0 15 0 0
"chr14_59920512_A_T" 0 0 0 6 0
"chr14_59975296_C_A" 0 0 0 0 4
"chr14_63185173_A_G" 0 0 0 0 10
"chr14_65676925_A_G" 0 0 0 0 5
"chr14_67648449_G_T" 0 0 0 0 12
"chr14_68866414_G_C" 0 0 14 0 0
"chr14_69027035_G_A" 0 0 0 6 0
"chr14_69206296_G_T" 0 4 0 0 0
"chr14_72318676_G_A" 0 0 0 13 0
"chr14_73763109_G_A" 0 0 7 0 0
"chr14_77957581_C_A" 0 4 0 0 0
"chr14_79246547_T_A" 0 0 0 8 0
"chr14_80304972_C_T" 0 18 0 0 0
"chr14_82123867_C_T" 0 0 0 5 0
"chr14_82334095_C_T" 0 0 5 0 0
"chr14_83181491_T_A" 0 0 0 7 0
"chr14_85615818_A_G" 0 0 5 0 0
"chr14_86111362_G_A" 0 11 0 0 0
"chr14_91723539_C_A" 0 13 0 0 6
"chr14_92170638_C_T" 0 0 0 0 10
"chr14_94709385_C_T" 0 0 0 11 0
"chr14_96312963_G_A" 0 0 11 0 0
"chr14_96592019_A_G" 0 0 10 0 0
"chr14_98373336_G_A" 0 0 4 0 0
"chr14_98440223_G_A" 0 0 0 15 0
"chr15_100392101_C_T" 0 0 0 8 0
"chr15_100787498_G_A" 0 0 0 11 0
"chr15_22636819_G_A" 0 4 0 0 0
"chr15_23454485_T_A" 0 0 9 0 0
"chr15_23908306_T_A" 0 5 0 0 0
"chr15_24142135_G_T" 0 0 0 0 6
"chr15_24347020_C_T" 0 8 0 0 0
"chr15_24714869_G_C" 0 15 0 0 0
"chr15_24804678_A_T" 0 0 0 0 9
"chr15_24840231_G_A" 0 0 17 0 0
"chr15_25084335_G_T" 0 7 0 0 0
"chr15_25090961_A_T" 0 0 0 9 0
"chr15_25117384_A_G" 0 4 0 0 0
"chr15_25186748_G_A" 0 0 5 0 0
"chr15_25193112_G_A" 0 0 13 0 0
"chr15_25428966_T_C" 0 0 0 7 0
"chr15_25944960_G_A" 0 0 0 10 0
"chr15_26020993_A_G" 0 0 11 0 0
"chr15_26172949_C_A" 0 0 0 5 0
"chr15_26791294_G_A" 0 0 0 0 16
"chr15_27176802_G_T" 0 11 0 0 0
"chr15_27500390_C_T" 0 0 0 12 0
"chr15_27595384_G_T" 0 0 12 0 0
"chr15_28826858_G_T" 0 0 4 0 0
"chr15_28995143_G_A" 0 0 8 0 0
"chr15_31026467_C_T" 0 0 0 9 0
"chr15_33524465_G_A" 0 0 0 10 0
"chr15_35017781_T_C" 0 11 0 0 0
"chr15_35823908_T_C" 0 0 0 5 0
"chr15_36130730_G_A" 0 0 10 0 0
"chr15_37395815_C_T" 0 5 0 0 0
"chr15_38672243_T_A" 0 0 0 0 13
"chr15_39052979_G_T" 0 0 0 0 4
"chr15_39156585_A_T" 0 0 13 0 0
"chr15_39607730_A_T" 0 11 0 0 0
"chr15_40583924_A_C" 0 0 0 4 0
"chr15_45291945_G_T" 0 0 11 0 0
"chr15_46431352_G_T" 0 0 0 4 0
"chr15_46721125_C_A" 0 0 0 0 7
"chr15_46826388_T_G" 0 0 11 0 0
"chr15_47273020_G_T" 0 8 0 0 0
"chr15_47355477_G_A" 0 0 0 8 0
"chr15_47918830_G_A" 0 0 0 5 0
"chr15_48470749_A_C" 0 0 14 0 0
"chr15_50476096_C_T" 0 0 0 7 0
"chr15_51637427_A_T" 0 0 9 0 0
"chr15_53455050_A_G" 0 0 0 6 0
"chr15_54048238_T_C" 4 0 0 0 0
"chr15_55265293_T_C" 0 0 0 4 0
"chr15_55403615_A_C" 0 0 7 0 0
"chr15_57774726_A_G" 0 8 0 0 0
"chr15_57935611_T_C" 0 0 8 0 0
"chr15_59283126_C_G" 0 4 0 0 0
"chr15_60433805_A_T" 0 13 0 1 0
"chr15_60745349_T_C" 0 0 8 0 0
"chr15_66363369_C_G" 0 8 0 0 0
"chr15_67983632_G_T" 0 0 0 4 0
"chr15_70649129_G_A" 0 0 0 12 0
"chr15_72022753_G_T" 0 0 4 0 0
"chr15_72427331_G_A" 0 7 0 0 0
"chr15_73103622_T_A" 0 0 17 0 0
"chr15_76331645_A_T" 0 0 4 0 0
"chr15_77402188_C_T" 0 0 4 0 0
"chr15_79245155_G_T" 0 10 0 0 0
"chr15_80854352_C_T" 0 0 6 0 0
"chr15_81398295_G_C" 0 0 5 0 0
"chr15_81477443_G_C" 0 0 0 0 4
"chr15_81730270_A_C" 0 0 0 10 0
"chr15_83215287_G_C" 0 0 0 10 0
"chr15_83281505_G_C" 0 0 5 0 0
"chr15_86057529_C_T" 0 6 0 0 0
"chr15_86248904_C_T" 0 9 0 0 0
"chr15_86382988_C_T" 0 0 0 0 16
"chr15_86596275_G_A" 0 0 14 0 0
"chr15_86701115_A_T" 0 0 0 0 12
"chr15_86855048_C_T" 0 0 1 5 0
"chr15_87034670_T_A" 0 11 0 0 0
"chr15_87133864_C_A" 0 0 11 0 0
"chr15_87341728_C_T" 0 0 0 0 4
"chr15_87915887_G_T" 0 0 16 0 0
"chr15_88047937_C_A" 0 0 0 9 0
"chr15_88363336_T_G" 0 0 0 0 10
"chr15_88469361_C_A" 0 4 0 0 0
"chr15_91083110_C_G" 0 0 4 0 0
"chr15_92271759_G_A" 0 0 0 6 0
"chr15_92784069_C_A" 0 9 0 0 0
"chr15_92863749_G_A" 0 0 6 0 0
"chr15_93124986_G_A" 0 0 0 0 16
"chr15_93688617_G_T" 0 10 0 0 0
"chr15_94011736_G_T" 0 0 16 0 0
"chr15_94813636_C_G" 2 0 0 4 0
"chr15_94820573_G_C" 0 0 0 4 0
"chr15_94981277_A_G" 0 14 0 0 0
"chr15_95328557_T_A" 0 0 0 0 8
"chr15_96220383_C_T" 0 10 0 0 0
"chr15_96963151_G_C" 0 7 0 0 0
"chr16_11123089_A_G" 0 6 0 0 0
"chr16_11504326_C_T" 0 0 5 0 0
"chr16_13508085_C_T" 0 0 11 0 0
"chr16_1383605_C_A" 0 0 0 4 0
"chr16_15318315_G_A" 0 2 2 7 0
"chr16_16009531_C_A" 0 0 4 0 0
"chr16_17033400_G_C" 0 0 0 0 12
"chr16_18952641_C_A" 0 0 0 7 0
"chr16_20643752_T_C" 0 0 0 4 0
"chr16_20758765_T_A" 0 0 0 11 0
"chr16_20866375_G_A" 0 0 6 0 0
"chr16_20965201_C_T" 0 0 0 7 0
"chr16_2291498_C_T" 0 0 6 0 0
"chr16_23606793_G_T" 0 10 0 0 0
"chr16_23647876_T_C" 0 0 10 0 0
"chr16_23980163_C_T" 0 0 9 0 0
"chr16_24168364_C_G" 0 0 0 4 0
"chr16_24585644_G_A" 0 10 0 0 0
"chr16_27745441_G_A" 0 0 0 14 0
"chr16_27958656_C_T" 0 0 0 0 7
"chr16_27967849_G_T" 0 0 0 6 0
"chr16_2924063_A_T" 0 0 0 8 0
"chr16_30357037_C_T" 0 0 0 7 0
"chr16_31415653_G_A" 0 0 6 0 0
"chr16_3251150_C_T" 0 0 0 8 0
"chr16_32790941_T_C" 0 0 1 4 2
"chr16_33643051_T_A" 0 0 0 9 0
"chr16_34722291_A_T" 0 0 10 0 0
"chr16_34920628_C_A" 0 0 6 1 0
"chr16_34945494_C_T" 0 0 5 0 0
"chr16_35146376_C_T" 0 6 0 0 0
"chr16_35147746_A_G" 0 5 0 0 0
"chr16_35172594_C_A" 0 0 9 0 0
"chr16_35233080_T_C" 0 0 0 4 0
"chr16_35243362_C_G" 0 0 6 0 0
"chr16_35313664_T_A" 0 0 9 0 0
"chr16_35350119_C_T" 0 0 0 8 0
"chr16_35510314_A_G" 0 0 4 0 0
"chr16_35747126_C_T" 0 8 0 0 0
"chr16_35859988_C_A" 0 0 9 0 0
"chr16_35877806_C_A" 0 0 0 0 8
"chr16_35898253_T_G" 0 0 10 0 0
"chr16_35907779_A_T" 0 0 0 0 12
"chr16_36072944_G_C" 0 6 0 0 0
"chr16_3733396_A_G" 0 0 7 0 0
"chr16_4303765_T_A" 0 6 0 0 0
"chr16_46947174_C_T" 0 6 0 0 0
"chr16_48329358_C_G" 0 0 0 5 0
"chr16_48383975_C_A" 0 0 0 5 0
"chr16_48946286_C_T" 0 12 0 0 0
"chr16_4966352_C_T" 0 5 0 0 0
"chr16_50610849_C_G" 0 0 0 4 0
"chr16_51457023_G_T" 0 0 0 7 0
"chr16_52732544_C_T" 0 0 9 0 0
"chr16_5393976_G_T" 0 9 0 0 0
"chr16_5545224_C_T" 0 0 0 9 0
"chr16_56130751_C_G" 0 0 0 10 0
"chr16_56284411_C_A" 0 0 17 0 0
"chr16_56512796_A_T" 0 0 0 8 0
"chr16_5787996_G_A" 0 7 0 0 0
"chr16_5895134_G_T" 0 0 0 7 0
"chr16_5905347_C_T" 0 0 0 0 8
"chr16_59276252_A_T" 0 0 8 0 0
"chr16_59710908_C_T" 0 0 7 0 0
"chr16_60276856_A_C" 0 0 0 9 0
"chr16_60677754_G_T" 0 9 0 0 0
"chr16_61563310_T_G" 0 0 15 0 0
"chr16_61679832_T_C" 0 0 0 4 0
"chr16_62409315_C_A" 0 0 0 0 8
"chr16_62452010_C_A" 0 0 7 0 0
"chr16_63399224_G_A" 0 0 0 7 0
"chr16_6387838_C_T" 0 0 9 0 0
"chr16_64089652_G_C" 0 0 14 0 0
"chr16_64676900_A_G" 0 0 0 0 6
"chr16_64929774_G_C" 0 0 0 9 0
"chr16_65224540_C_T" 0 0 0 5 0
"chr16_6528135_T_C" 0 0 10 0 0
"chr16_65670253_G_A" 0 8 0 0 0
"chr16_65797330_G_A" 0 13 0 0 0
"chr16_6682546_C_T" 0 12 0 0 14
"chr16_66862205_C_T" 0 0 6 0 0
"chr16_67009677_G_T" 0 0 0 4 0
"chr16_67576390_G_A" 0 0 0 4 0
"chr16_70141670_T_A" 0 0 7 0 0
"chr16_70288339_G_T" 0 0 0 4 0
"chr16_72156225_G_A" 0 11 0 0 0
"chr16_72226982_C_T" 0 0 5 0 0
"chr16_72534882_G_T" 0 0 0 4 0
"chr16_72877366_T_G" 0 0 2 0 4
"chr16_73224905_C_T" 0 0 0 6 0
"chr16_73441862_T_C" 0 14 0 0 0
"chr16_73921431_G_A" 0 0 0 6 0
"chr16_7392287_T_G" 0 0 0 4 0
"chr16_770670_G_A" 0 0 10 0 0
"chr16_77092319_G_A" 0 0 0 10 0
"chr16_77664285_G_T" 0 0 7 0 0
"chr16_77747520_C_T" 0 13 0 0 0
"chr16_77750823_C_T" 0 0 8 0 0
"chr16_78746909_G_C" 0 4 0 0 0
"chr16_81952282_C_T" 0 8 0 0 0
"chr16_81968043_G_A" 0 0 10 0 0
"chr16_8307951_C_T" 0 0 10 0 0
"chr16_83082885_G_A" 0 0 16 0 0
"chr16_83382570_A_C" 0 0 0 7 0
"chr16_84201150_C_T" 0 0 0 0 13
"chr16_86079473_T_C" 0 0 0 7 0
"chr16_86367694_C_T" 0 0 0 0 4
"chr16_86925672_G_T" 0 4 0 0 0
"chr16_87104605_T_C" 0 0 4 0 0
"chr16_87218944_C_T" 0 0 0 8 0
"chr16_87726772_G_T" 0 4 0 0 0
"chr16_89283818_C_T" 0 0 12 0 0
"chr16_89563013_G_T" 0 4 0 0 0
"chr16_9839363_C_T" 0 0 0 9 0
"chr17_10083126_T_A" 0 9 0 0 0
"chr17_10250453_T_C" 0 5 0 0 0
"chr17_10392607_G_A" 0 0 0 4 0
"chr17_12070791_A_T" 0 6 0 0 0
"chr17_13521591_G_A" 0 0 6 0 0
"chr17_15288681_A_T" 0 0 0 0 12
"chr17_16476505_C_A" 0 0 0 4 0
"chr17_2173323_A_G" 0 0 0 6 0
"chr17_21763243_C_T" 0 11 0 0 0
"chr17_22479024_G_T" 0 0 0 4 0
"chr17_2515222_C_T" 0 0 4 0 0
"chr17_33709228_G_A" 0 0 14 0 0
"chr17_33711666_G_T" 0 0 0 5 0
"chr17_35603622_T_C" 0 16 0 0 0
"chr17_36938288_T_G" 0 0 7 0 0
"chr17_4104230_T_C" 0 0 0 4 0
"chr17_42203773_C_T" 0 12 0 0 0
"chr17_44615971_A_G" 0 0 0 0 16
"chr17_44723425_G_T" 0 0 4 0 0
"chr17_44969887_T_C" 0 0 8 0 0
"chr17_45679269_A_G" 0 4 0 0 0
"chr17_47364959_C_T" 0 0 0 0 11
"chr17_48565744_C_A" 0 7 0 0 0
"chr17_48781911_G_C" 0 0 0 0 4
"chr17_49558144_T_A" 0 0 9 0 0
"chr17_51370357_C_T" 0 0 13 0 0
"chr17_52353839_C_T" 0 0 0 8 0
"chr17_53487362_T_A" 0 17 0 0 0
"chr17_53925993_C_A" 0 0 0 13 0
"chr17_55246089_C_A" 0 0 0 0 9
"chr17_55537368_G_T" 0 0 4 0 0
"chr17_56441363_G_A" 0 0 12 0 0
"chr17_56914027_G_A" 0 0 0 0 7
"chr17_57569177_A_T" 0 5 0 0 0
"chr17_5898689_T_G" 0 0 0 0 6
"chr17_61229743_C_G" 0 0 0 10 0
"chr17_6362192_A_T" 0 0 7 0 0
"chr17_63714550_C_T" 0 6 0 0 0
"chr17_6607432_C_T" 0 0 7 0 0
"chr17_66396379_C_T" 0 0 11 0 0
"chr17_6701961_C_T" 0 0 0 0 7
"chr17_68101294_C_T" 0 0 0 4 0
"chr17_69577852_A_G" 0 0 21 0 0
"chr17_69679881_G_T" 0 0 12 0 0
"chr17_7147187_C_T" 0 0 0 16 0
"chr17_71648423_G_A" 0 0 0 5 0
"chr17_71696611_G_A" 0 0 0 14 0
"chr17_71714554_T_A" 0 0 0 5 0
"chr17_71942469_C_T" 0 1 0 0 10
"chr17_71953868_G_A" 0 10 0 0 11
"chr17_7278873_C_G" 0 0 0 4 0
"chr17_73378832_T_A" 0 0 4 0 0
"chr17_75123835_C_T" 0 0 0 5 0
"chr17_77924441_G_C" 0 0 15 0 0
"chr17_78474237_C_T" 0 0 0 6 0
"chr17_79411885_G_A" 0 0 1 9 0
"chr17_81649994_C_T" 0 14 0 0 0
"chr17_81848586_A_T" 0 12 0 0 0
"chr17_82112076_T_A" 0 4 0 0 0
"chr18_1103052_G_A" 0 0 0 6 0
"chr18_11264409_G_A" 0 0 0 9 0
"chr18_11372494_G_A" 0 9 0 0 0
"chr18_11443953_T_A" 0 0 0 4 0
"chr18_11799354_A_G" 0 0 4 0 0
"chr18_12111534_C_T" 0 0 0 0 11
"chr18_12153912_G_T" 0 0 0 4 0
"chr18_12377202_C_T" 0 0 0 5 0
"chr18_12878392_C_A" 0 0 0 9 0
"chr18_1311133_A_G" 0 0 13 0 0
"chr18_14145867_C_T" 0 0 0 6 0
"chr18_14637532_T_A" 0 12 0 0 0
"chr18_14959092_T_A" 0 0 0 9 0
"chr18_15163141_C_A" 0 5 0 0 0
"chr18_1875281_G_A" 0 0 0 0 8
"chr18_21594329_T_A" 0 7 0 0 0
"chr18_2433361_G_A" 0 0 12 0 0
"chr18_24860434_C_T" 0 0 6 0 0
"chr18_25084570_C_A" 0 0 13 0 0
"chr18_25841302_G_A" 0 8 0 0 0
"chr18_2717513_T_G" 0 0 6 0 0
"chr18_27948708_A_G" 0 0 0 4 0
"chr18_29126184_C_T" 0 0 0 7 0
"chr18_29454695_C_T" 0 11 0 0 0
"chr18_29721579_T_C" 0 0 11 0 0
"chr18_30090168_A_G" 0 0 0 0 16
"chr18_30121364_C_A" 0 0 0 0 8
"chr18_30121383_A_C" 0 0 0 0 8
"chr18_30138960_T_A" 0 0 10 0 0
"chr18_30505563_C_A" 0 0 0 4 0
"chr18_30509611_C_T" 0 0 0 10 0
"chr18_32158806_C_T" 0 9 0 0 12
"chr18_32162172_C_T" 0 0 12 0 0
"chr18_32597239_G_A" 0 14 0 0 0
"chr18_33952276_T_A" 0 0 17 0 0
"chr18_35235304_C_T" 0 0 0 7 0
"chr18_36389632_C_T" 0 0 7 0 0
"chr18_36474773_G_A" 0 0 10 0 0
"chr18_36524418_G_A" 0 0 0 0 7
"chr18_36951320_C_T" 0 0 0 0 7
"chr18_38115865_C_T" 0 0 11 0 0
"chr18_38797384_G_A" 0 0 0 16 0
"chr18_39522031_G_A" 0 0 0 6 0
"chr18_39604724_G_T" 0 0 8 0 0
"chr18_39705203_C_A" 0 14 0 0 0
"chr18_39705204_C_A" 0 14 0 0 0
"chr18_40061460_A_T" 0 0 10 0 0
"chr18_41071699_C_T" 0 8 0 0 0
"chr18_42144922_A_T" 0 0 0 0 14
"chr18_42663086_C_T" 0 0 0 10 0
"chr18_43840684_A_T" 0 0 0 9 0
"chr18_43946110_G_A" 0 9 0 0 0
"chr18_44001823_G_A" 0 12 0 0 0
"chr18_44041368_T_C" 0 0 0 10 0
"chr18_44060361_C_T" 0 0 0 11 0
"chr18_45194078_C_G" 0 0 0 0 13
"chr18_46165200_C_T" 0 0 8 0 0
"chr18_46524836_C_T" 0 0 9 0 0
"chr18_49298599_T_C" 0 0 0 9 0
"chr18_49928923_C_T" 0 0 6 0 0
"chr18_51255788_C_T" 0 0 0 0 13
"chr18_51399310_G_A" 0 0 0 5 0
"chr18_51530774_G_T" 0 0 0 5 0
"chr18_51594321_C_T" 0 0 0 10 0
"chr18_52481465_G_A" 0 8 0 0 0
"chr18_53092521_G_A" 0 15 0 0 0
"chr18_5327930_A_G" 0 6 0 0 0
"chr18_54312198_C_T" 0 0 11 0 0
"chr18_5439791_C_T" 0 0 0 12 0
"chr18_55063942_C_T" 0 0 9 0 0
"chr18_5587218_G_A" 0 0 8 0 0
"chr18_57084264_C_T" 0 0 0 0 14
"chr18_5713310_C_T" 0 0 0 0 21
"chr18_57533427_G_C" 0 0 0 12 0
"chr18_57619002_C_T" 0 4 0 0 0
"chr18_60238457_G_A" 0 0 13 0 0
"chr18_60453607_C_A" 0 0 0 4 0
"chr18_62659749_C_T" 0 0 0 9 0
"chr18_63794094_C_G" 0 0 0 4 0
"chr18_64394560_C_A" 0 0 0 7 0
"chr18_64567711_A_G" 0 12 0 0 14
"chr18_64725518_T_A" 0 0 0 6 0
"chr18_65301538_T_C" 0 0 8 0 0
"chr18_65467027_G_C" 0 6 0 0 0
"chr18_66394220_C_A" 0 0 0 7 0
"chr18_67521784_A_G" 0 0 9 0 0
"chr18_68505521_C_T" 0 0 0 13 0
"chr18_71587916_C_A" 0 0 0 0 10
"chr18_71587919_T_A" 0 0 0 0 10
"chr18_71646844_A_G" 0 0 8 0 0
"chr18_71709770_G_C" 0 0 0 5 0
"chr18_71858351_C_A" 0 0 0 7 0
"chr18_71916358_C_T" 0 0 0 5 0
"chr18_72122489_T_A" 0 0 0 9 0
"chr18_72387526_T_C" 0 6 0 0 0
"chr18_72590099_C_A" 0 0 0 10 0
"chr18_72881574_T_C" 0 19 0 0 0
"chr18_73170822_T_A" 0 0 0 0 11
"chr18_76125944_C_T" 0 14 0 0 0
"chr18_77944078_C_T" 0 0 13 0 0
"chr18_78834838_A_G" 0 0 0 4 0
"chr18_79159004_G_A" 0 0 0 0 15
"chr18_909045_C_A" 0 0 0 5 0
"chr18_9324471_G_C" 0 0 0 10 0
"chr18_9739423_G_A" 0 0 4 0 0
"chr19_13439108_A_T" 5 1 0 0 0
"chr19_15658382_C_T" 0 4 0 0 0
"chr19_16238507_A_T" 0 0 0 0 4
"chr19_16362212_C_T" 0 0 0 4 0
"chr19_19371532_G_C" 0 0 0 9 0
"chr19_19846206_T_A" 0 0 5 0 0
"chr19_2146052_C_A" 0 0 6 0 0
"chr19_22770418_G_A" 0 0 0 0 9
"chr19_28702945_G_T" 0 0 0 11 0
"chr19_28708576_G_A" 0 0 0 7 0
"chr19_28983369_G_A" 0 0 0 5 0
"chr19_29300156_C_G" 0 0 7 0 0
"chr19_29313978_G_A" 0 0 0 5 0
"chr19_29394466_G_A" 0 0 13 0 0
"chr19_29975704_C_G" 0 0 0 4 0
"chr19_30637422_C_T" 0 0 0 0 5
"chr19_30983319_C_G" 0 10 0 0 0
"chr19_31246411_A_G" 0 0 13 0 0
"chr19_31913124_G_A" 0 13 0 0 0
"chr19_32580178_G_T" 0 0 4 0 0
"chr19_34416090_T_G" 0 0 0 4 0
"chr19_37463958_T_A" 0 0 10 0 0
"chr19_37894170_C_T" 0 15 0 0 7
"chr19_40638262_C_T" 0 12 0 0 0
"chr19_409869_G_T" 0 5 0 0 0
"chr19_41699004_C_A" 0 0 4 0 0
"chr19_42123406_C_T" 0 0 0 8 0
"chr19_42264592_G_A" 0 10 0 0 0
"chr19_42597999_T_C" 0 0 4 0 0
"chr19_43366043_C_T" 0 0 0 0 12
"chr19_454972_C_T" 0 11 0 0 0
"chr19_47633376_C_T" 0 0 10 0 0
"chr19_47856580_G_A" 0 0 7 0 0
"chr19_48007004_G_A" 0 0 0 10 0
"chr19_48016743_C_T" 0 0 0 0 5
"chr19_48044985_G_A" 0 0 0 4 0
"chr19_49732224_C_A" 0 0 5 0 0
"chr19_50020465_T_C" 0 0 0 4 0
"chr19_51491449_G_A" 0 0 0 11 0
"chr19_53232882_A_G" 0 0 0 15 0
"chr19_5327020_C_T" 0 0 0 8 0
"chr19_54585577_G_A" 0 0 10 0 0
"chr19_55887898_T_C" 0 0 10 0 0
"chr19_56115338_C_A" 0 0 4 0 0
"chr19_57066564_G_A" 0 0 0 0 10
"chr19_57117161_G_T" 0 0 0 0 11
"chr19_5740442_C_A" 8 0 0 0 0
"chr19_6600665_C_T" 0 0 9 0 0
"chr19_6842653_G_A" 0 0 0 11 0
"chr19_9053780_G_A" 0 0 0 9 0
"chr19_9841205_C_T" 0 0 0 0 13
"chr2_103369283_T_A" 0 0 0 5 0
"chr2_1034401_G_A" 0 0 9 0 0
"chr2_105650586_C_G" 0 0 0 4 0
"chr2_11054575_A_G" 0 0 7 0 0
"chr2_111115901_T_A" 0 7 0 0 0
"chr2_115040805_G_A" 0 0 12 0 0
"chr2_115518913_A_T" 0 0 0 0 10
"chr2_115644172_T_A" 0 0 0 6 0
"chr2_115769036_A_T" 0 0 0 10 0
"chr2_116150993_C_G" 0 8 0 0 0
"chr2_117623817_C_T" 0 0 0 14 0
"chr2_118532357_C_G" 0 0 0 9 0
"chr2_122325936_G_A" 0 0 8 0 0
"chr2_122388678_C_T" 0 4 0 0 0
"chr2_123897227_C_T" 0 0 9 0 0
"chr2_123964861_G_A" 0 0 0 8 0
"chr2_1242322_G_A" 0 0 0 0 10
"chr2_124362065_C_T" 0 0 0 0 5
"chr2_125590917_G_A" 0 0 0 0 13
"chr2_125913995_G_T" 0 0 0 8 0
"chr2_125966940_G_T" 0 0 0 13 0
"chr2_1275502_T_A" 0 20 0 0 0
"chr2_128865571_T_A" 0 0 0 13 0
"chr2_129446454_C_T" 0 0 9 0 0
"chr2_129831343_G_T" 0 10 0 0 0
"chr2_130720534_T_G" 0 0 0 0 8
"chr2_130997473_C_A" 0 6 0 0 0
"chr2_133392471_C_T" 0 0 11 0 0
"chr2_136031568_C_A" 0 4 0 0 0
"chr2_136128305_A_T" 0 0 0 0 4
"chr2_136397318_T_A" 0 0 7 0 0
"chr2_136499322_T_A" 0 0 0 9 0
"chr2_136912893_C_T" 0 0 0 12 0
"chr2_137028462_G_A" 0 0 14 0 0
"chr2_137085270_C_A" 0 2 4 0 0
"chr2_137442523_G_T" 0 0 0 0 4
"chr2_137642243_G_A" 0 0 0 0 10
"chr2_137822606_G_A" 0 19 0 0 0
"chr2_137959111_A_T" 0 0 0 0 8
"chr2_137964274_G_C" 0 0 0 0 5
"chr2_13865867_T_C" 0 0 12 0 0
"chr2_140053806_C_T" 0 0 0 5 0
"chr2_141942148_G_T" 0 9 0 0 0
"chr2_14202503_T_C" 0 0 8 0 0
"chr2_14250588_G_T" 0 0 19 0 0
"chr2_144183321_T_A" 0 0 0 5 0
"chr2_144976394_T_A" 0 0 0 5 0
"chr2_14535691_G_A" 0 6 0 0 0
"chr2_146093668_C_T" 0 10 0 0 0
"chr2_150870021_C_T" 0 0 0 15 0
"chr2_155822092_C_T" 0 0 0 0 9
"chr2_157274545_C_T" 0 0 0 5 0
"chr2_162142629_C_G" 0 0 0 5 0
"chr2_163073587_G_T" 0 0 12 0 0
"chr2_163378503_C_T" 0 0 0 9 0
"chr2_163612156_C_T" 0 0 0 0 4
"chr2_163962305_A_G" 0 0 0 0 17
"chr2_164278738_G_A" 0 0 8 1 0
"chr2_164366035_G_A" 0 0 0 7 0
"chr2_166947314_A_G" 0 10 0 0 0
"chr2_167737755_A_T" 0 0 9 0 0
"chr2_167807100_G_A" 0 0 0 0 5
"chr2_169655201_C_G" 0 0 0 0 9
"chr2_171608639_C_T" 0 0 7 0 0
"chr2_171747958_A_G" 0 0 0 6 0
"chr2_175499867_G_A" 0 0 5 0 0
"chr2_175573594_G_T" 0 0 0 0 4
"chr2_175631309_T_C" 0 6 0 0 0
"chr2_175694662_A_T" 0 0 0 5 0
"chr2_175966210_C_T" 0 0 0 0 13
"chr2_176217461_A_T" 0 7 0 0 0
"chr2_176423508_C_T" 0 0 0 0 11
"chr2_176803329_C_T" 0 19 0 0 0
"chr2_177037778_C_T" 0 0 0 8 0
"chr2_177457995_G_A" 0 0 5 0 0
"chr2_178461119_C_A" 0 4 0 0 0
"chr2_178848982_C_T" 0 0 0 0 9
"chr2_183106118_C_A" 0 0 0 8 0
"chr2_183579156_A_T" 0 6 0 0 0
"chr2_184375748_G_T" 0 0 11 0 0
"chr2_184807526_C_A" 0 0 0 5 0
"chr2_186815063_G_T" 0 0 9 0 0
"chr2_186973286_G_A" 0 4 0 0 0
"chr2_188949320_G_A" 0 12 0 0 0
"chr2_189010001_G_A" 0 0 9 0 0
"chr2_191964912_T_C" 0 0 0 4 0
"chr2_193246419_C_T" 0 0 13 0 0
"chr2_193288953_G_A" 0 0 0 11 0
"chr2_194196086_T_C" 0 0 0 7 0
"chr2_194587758_G_T" 0 0 0 4 0
"chr2_194660930_G_A" 0 7 0 0 0
"chr2_195083395_C_G" 0 0 0 6 0
"chr2_195712377_C_T" 0 0 10 0 0
"chr2_197377723_C_T" 0 0 0 11 0
"chr2_198854007_C_A" 0 0 0 14 0
"chr2_199366319_C_A" 0 13 0 0 0
"chr2_200530912_T_C" 0 14 0 0 0
"chr2_204413099_G_A" 0 0 0 4 0
"chr2_205935780_G_A" 0 5 0 0 0
"chr2_206739683_T_C" 0 0 13 0 0
"chr2_209105156_G_A" 0 0 13 0 0
"chr2_209204359_C_A" 0 0 0 0 11
"chr2_211271169_T_C" 0 0 13 0 0
"chr2_211369237_C_A" 0 0 5 0 0
"chr2_211575699_G_A" 0 0 0 9 0
"chr2_214040688_G_A" 6 0 0 0 0
"chr2_215265729_G_A" 0 0 0 4 0
"chr2_219537285_C_A" 0 0 6 0 0
"chr2_220345063_G_A" 0 0 0 0 9
"chr2_22425737_G_T" 0 0 0 0 11
"chr2_225167506_G_A" 0 0 8 0 0
"chr2_225373100_T_G" 0 0 15 0 0
"chr2_227826324_T_A" 0 8 0 0 0
"chr2_228871765_C_G" 0 0 0 4 0
"chr2_229091691_T_A" 0 14 0 0 0
"chr2_22963091_T_C" 0 0 9 0 0
"chr2_231435192_T_A" 0 4 0 0 0
"chr2_23250336_C_T" 0 0 0 0 6
"chr2_232608893_G_T" 0 0 4 0 0
"chr2_23378997_C_G" 0 0 7 0 0
"chr2_23509459_G_A" 0 0 13 0 0
"chr2_236157987_C_T" 0 0 0 6 0
"chr2_236187334_A_G" 0 0 10 0 0
"chr2_236215550_C_T" 0 0 12 0 0
"chr2_239092556_G_A" 0 0 0 4 0
"chr2_239704149_A_G" 0 0 0 12 0
"chr2_239743330_C_T" 0 0 0 0 8
"chr2_240813329_G_A" 0 10 0 0 0
"chr2_24481314_A_G" 0 0 13 0 0
"chr2_25198419_G_C" 0 0 0 0 8
"chr2_2650675_T_A" 0 4 0 0 0
"chr2_26695807_C_A" 0 7 0 0 0
"chr2_26914198_C_A" 0 4 0 0 0
"chr2_27739951_T_G" 0 11 0 0 0
"chr2_28155819_C_G" 0 0 9 0 0
"chr2_2840008_G_T" 0 0 0 14 0
"chr2_31569458_T_C" 0 0 0 10 0
"chr2_33330003_T_C" 0 0 0 8 0
"chr2_34174637_C_T" 0 0 0 0 7
"chr2_35016037_C_A" 0 13 0 0 0
"chr2_36547231_T_C" 0 0 0 8 0
"chr2_40710646_G_C" 0 0 13 0 0
"chr2_410518_C_T" 4 2 0 5 2
"chr2_41486915_C_A" 0 0 0 0 9
"chr2_4187311_T_C" 0 0 0 9 0
"chr2_42830023_C_A" 0 0 0 0 5
"chr2_43754073_G_T" 0 0 0 0 7
"chr2_44921300_G_A" 0 0 0 6 0
"chr2_47227434_G_A" 0 0 0 7 0
"chr2_47905572_T_G" 0 1 0 0 4
"chr2_48297502_C_T" 0 0 9 0 0
"chr2_48317252_C_T" 0 0 0 4 0
"chr2_48754901_C_T" 0 0 6 0 0
"chr2_48781759_A_G" 0 5 0 0 0
"chr2_48797609_C_T" 0 0 0 9 0
"chr2_49040227_A_G" 0 0 7 0 0
"chr2_49742680_G_A" 0 0 0 8 0
"chr2_49944996_T_A" 0 0 8 0 0
"chr2_50530485_A_G" 0 0 11 0 0
"chr2_50945419_G_A" 0 0 4 0 0
"chr2_51215138_T_A" 0 0 0 6 0
"chr2_51215146_C_A" 0 0 0 7 0
"chr2_51460674_C_A" 0 0 0 0 9
"chr2_51588597_A_C" 0 13 0 0 0
"chr2_51637355_G_A" 0 0 0 8 0
"chr2_51661740_A_G" 0 0 0 7 0
"chr2_51674561_G_A" 0 0 14 0 0
"chr2_5173780_G_A" 0 4 0 0 0
"chr2_52402661_A_C" 0 0 0 10 0
"chr2_53728925_T_G" 3 0 0 10 0
"chr2_55928451_T_A" 0 0 0 0 12
"chr2_56634461_A_G" 0 0 0 11 0
"chr2_59313364_G_A" 0 0 8 0 0
"chr2_60353283_G_A" 0 0 0 5 0
"chr2_6130414_C_T" 0 1 14 0 0
"chr2_63165782_C_G" 0 6 0 0 0
"chr2_65161141_C_T" 0 0 0 0 5
"chr2_65904783_A_G" 0 0 8 0 0
"chr2_66014461_A_C" 0 0 5 0 0
"chr2_66683171_G_A" 0 9 0 0 0
"chr2_68217458_C_T" 0 0 0 6 0
"chr2_68326586_G_C" 0 0 0 13 1
"chr2_70750440_T_A" 0 0 5 0 0
"chr2_71235289_G_A" 0 0 0 8 0
"chr2_7127703_G_T" 0 0 4 0 0
"chr2_72106733_T_A" 0 0 0 4 0
"chr2_7318321_G_A" 0 13 0 0 0
"chr2_75144380_A_G" 0 8 0 0 0
"chr2_75665675_T_C" 0 0 12 0 0
"chr2_75781042_C_T" 0 0 0 11 0
"chr2_76336568_G_T" 0 12 0 0 0
"chr2_76944960_G_A" 0 0 0 7 0
"chr2_77007725_G_T" 0 0 0 5 0
"chr2_77348343_T_A" 0 0 12 0 0
"chr2_78692301_A_G" 0 0 0 0 4
"chr2_78901480_G_A" 0 9 0 0 0
"chr2_79429108_T_C" 0 0 0 0 9
"chr2_80165244_A_G" 0 0 0 6 0
"chr2_82099927_T_C" 0 0 0 0 7
"chr2_83052892_A_T" 0 0 0 0 4
"chr2_83671367_C_G" 0 0 14 0 0
"chr2_83718511_G_T" 0 0 9 0 0
"chr2_84111619_C_T" 0 0 8 0 0
"chr2_84802617_G_A" 0 11 0 0 0
"chr2_85078043_A_T" 0 5 0 0 0
"chr2_86328509_T_A" 0 0 8 0 0
"chr2_86382495_T_A" 0 0 12 0 0
"chr2_86516754_G_T" 0 0 0 5 0
"chr2_86574399_A_C" 0 0 16 0 0
"chr2_8711307_A_G" 0 7 0 0 0
"chr2_87692149_C_A" 0 1 6 0 0
"chr2_88340788_C_A" 0 0 17 0 0
"chr2_88556510_C_T" 0 0 0 0 7
"chr2_89124396_A_T" 0 0 9 0 0
"chr2_9125908_C_T" 0 0 0 4 0
"chr2_99250006_C_A" 0 5 0 0 0
"chr20_11890019_T_C" 0 0 0 5 0
"chr20_13307002_C_T" 0 0 0 11 0
"chr20_13369568_A_G" 0 0 0 0 13
"chr20_1556235_C_T" 0 0 7 0 0
"chr20_19024499_C_A" 0 0 5 0 0
"chr20_2001717_C_T" 0 0 0 14 0
"chr20_20948727_G_A" 0 0 8 0 0
"chr20_21221613_G_A" 0 0 0 0 12
"chr20_21814999_C_T" 0 0 9 0 0
"chr20_22967916_C_T" 0 5 0 0 0
"chr20_23274913_C_T" 0 0 0 8 0
"chr20_23298920_C_T" 0 0 0 0 7
"chr20_23968512_A_G" 0 16 0 0 0
"chr20_24507831_T_C" 0 0 4 0 0
"chr20_33243074_C_T" 0 0 12 0 0
"chr20_3489428_C_T" 0 0 0 0 11
"chr20_36813483_C_G" 0 0 4 0 0
"chr20_36963276_T_C" 0 8 0 0 0
"chr20_39668578_G_A" 0 0 0 0 13
"chr20_39937447_C_A" 0 0 12 0 0
"chr20_39957082_G_T" 0 0 13 0 0
"chr20_40053498_C_T" 0 11 0 0 0
"chr20_40402696_A_C" 0 0 0 10 0
"chr20_41218871_C_A" 0 0 0 0 4
"chr20_41993616_A_C" 0 0 11 0 0
"chr20_42941930_A_T" 0 0 7 0 0
"chr20_46752861_G_A" 0 6 0 0 0
"chr20_48072543_G_A" 0 0 0 14 0
"chr20_48481403_G_A" 0 0 12 0 0
"chr20_49373760_C_T" 0 0 9 0 0
"chr20_49431271_C_A" 0 0 0 6 0
"chr20_49507212_C_T" 0 0 0 9 0
"chr20_5004837_T_C" 0 0 0 6 0
"chr20_51208901_T_C" 0 0 18 0 0
"chr20_52668185_C_T" 0 0 0 4 0
"chr20_54076799_G_A" 0 0 0 6 0
"chr20_55042926_G_A" 0 14 0 0 0
"chr20_55474466_C_T" 0 15 0 0 0
"chr20_55912074_T_C" 0 0 0 0 13
"chr20_57006252_G_A" 0 0 0 10 0
"chr20_58293301_G_A" 0 0 13 0 0
"chr20_60620578_C_T" 0 0 8 0 0
"chr20_60732177_C_T" 0 6 0 0 0
"chr20_60809863_G_A" 0 0 4 0 0
"chr20_61021510_G_A" 0 0 0 11 0
"chr20_61080054_G_A" 0 7 0 0 0
"chr20_61108475_C_T" 0 0 0 6 0
"chr20_61886704_A_C" 0 0 0 0 17
"chr20_63374038_G_A" 0 0 14 0 0
"chr20_63727793_C_G" 0 0 4 0 0
"chr20_6535895_G_T" 0 0 7 0 0
"chr20_6664698_T_G" 0 0 9 0 0
"chr20_955587_C_T" 0 0 0 0 9
"chr21_13537449_G_T" 0 0 0 16 0
"chr21_13610635_G_A" 0 0 7 0 0
"chr21_13978141_C_T" 0 0 0 7 0
"chr21_14922932_C_A" 0 0 6 0 0
"chr21_16371917_G_C" 0 4 0 0 0
"chr21_17115694_T_A" 0 12 0 0 0
"chr21_17404713_T_A" 0 1 5 0 0
"chr21_17507387_G_T" 0 4 0 5 0
"chr21_17809285_T_G" 0 0 0 4 0
"chr21_20154839_G_A" 0 7 0 0 0
"chr21_20199008_C_T" 0 4 0 0 0
"chr21_21343207_C_T" 0 0 4 0 0
"chr21_21440284_C_A" 0 7 0 0 0
"chr21_21616350_C_T" 0 0 4 0 0
"chr21_21801942_T_C" 0 0 0 9 0
"chr21_21891825_G_T" 0 0 0 7 0
"chr21_22079131_A_C" 0 0 0 0 6
"chr21_22411522_G_A" 0 0 16 0 0
"chr21_22618021_C_A" 0 1 0 12 0
"chr21_22694526_T_A" 0 0 0 0 5
"chr21_22885397_G_A" 0 0 14 0 0
"chr21_22982292_G_T" 0 0 12 0 0
"chr21_23199059_T_C" 0 0 5 0 0
"chr21_23251850_T_A" 0 0 9 0 0
"chr21_23251868_C_A" 0 0 8 0 0
"chr21_23378898_C_A" 0 0 0 8 0
"chr21_23390828_C_T" 0 6 0 0 0
"chr21_23936123_C_T" 0 18 0 0 0
"chr21_23936137_T_A" 0 15 0 0 0
"chr21_23936229_A_T" 0 13 0 0 0
"chr21_23989636_C_T" 0 0 0 8 0
"chr21_24011002_A_T" 0 11 0 0 0
"chr21_24044063_G_A" 0 0 0 5 0
"chr21_24281801_A_T" 0 0 13 0 0
"chr21_24654544_C_T" 0 0 7 0 0
"chr21_24692969_T_G" 0 4 0 0 0
"chr21_24731706_G_T" 0 0 10 0 0
"chr21_25234819_G_A" 0 0 0 0 8
"chr21_26171927_C_A" 0 13 0 0 0
"chr21_27008944_G_T" 0 4 0 0 0
"chr21_27219120_G_T" 0 0 0 0 12
"chr21_27397752_C_A" 0 16 0 0 0
"chr21_27471619_G_C" 0 0 0 4 0
"chr21_29444508_T_C" 0 10 0 0 0
"chr21_30212632_G_A" 0 13 0 0 0
"chr21_30342083_G_T" 0 0 0 10 0
"chr21_30654930_A_G" 0 0 14 0 0
"chr21_31543185_G_T" 0 0 0 0 11
"chr21_33489509_C_A" 0 0 5 0 0
"chr21_33861271_G_A" 0 0 14 0 0
"chr21_34011283_G_A" 0 0 0 7 0
"chr21_35135516_G_A" 0 0 0 7 0
"chr21_35417623_C_T" 0 0 9 0 0
"chr21_35858967_G_A" 0 0 11 0 0
"chr21_36746074_G_A" 0 6 0 0 0
"chr21_38156750_A_T" 0 0 0 16 0
"chr21_38571148_C_A" 0 5 0 0 0
"chr21_40016713_G_T" 0 0 0 7 0
"chr21_42266142_A_C" 0 0 0 10 0
"chr21_44022276_A_T" 4 0 0 0 0
"chr21_8844587_T_A" 0 0 0 5 0
"chr21_9033600_C_T" 0 0 0 0 6
"chr21_9563902_C_T" 0 5 0 0 0
"chr21_9759414_A_T" 0 0 0 0 11
"chr21_9857964_T_C" 0 6 0 0 10
"chr21_9921398_A_T" 0 0 0 6 0
"chr21_9921403_A_T" 0 0 0 6 0
"chr22_10628438_G_T" 0 0 7 0 0
"chr22_12192529_G_T" 0 0 0 6 0
"chr22_12393941_T_C" 0 0 15 0 0
"chr22_12433394_T_C" 0 0 6 0 0
"chr22_15835972_G_A" 1 0 12 0 0
"chr22_17764211_C_G" 0 6 0 0 0
"chr22_20678932_G_A" 0 11 0 0 0
"chr22_20713368_G_A" 0 0 11 0 0
"chr22_20725046_C_T" 0 5 0 0 0
"chr22_20739989_G_A" 0 0 0 9 0
"chr22_22594346_G_A" 0 0 5 0 0
"chr22_23606894_G_T" 0 0 0 5 0
"chr22_24216706_G_C" 0 0 0 5 0
"chr22_26054560_G_A" 0 0 0 11 0
"chr22_26063358_C_T" 0 0 0 11 0
"chr22_26073731_G_A" 0 0 0 0 10
"chr22_27586371_G_A" 0 0 0 6 0
"chr22_27845229_C_A" 0 0 6 0 0
"chr22_27994153_G_T" 0 0 0 4 0
"chr22_29745981_A_T" 0 0 0 9 0
"chr22_30470679_T_C" 0 0 0 6 0
"chr22_31573595_G_A" 0 0 1 13 0
"chr22_32147011_G_T" 0 0 7 0 0
"chr22_33286330_G_A" 0 0 5 0 0
"chr22_34467871_T_A" 0 0 4 0 0
"chr22_34967624_T_C" 0 0 0 10 0
"chr22_36623541_G_A" 0 10 0 0 0
"chr22_38886813_T_C" 0 1 1 4 1
"chr22_40222490_G_C" 0 0 0 5 0
"chr22_40738379_A_G" 0 0 6 0 0
"chr22_40773210_C_T" 0 0 13 0 0
"chr22_41783588_G_A" 0 0 7 0 0
"chr22_42693990_C_T" 0 11 0 0 0
"chr22_44191880_G_T" 0 0 15 0 0
"chr22_44252471_C_G" 0 0 0 4 0
"chr22_45509473_G_A" 0 4 0 0 0
"chr22_47667596_G_A" 0 0 0 9 0
"chr22_49184895_C_T" 0 0 16 0 0
"chr22_49906279_C_T" 0 0 11 0 0
"chr22_50482715_C_T" 0 7 0 0 0
"chr22_50542727_C_A" 0 0 0 9 0
"chr22_50796088_G_T" 0 0 0 4 0
"chr3_101205973_A_C" 0 0 0 0 14
"chr3_102467348_G_A" 0 1 0 0 10
"chr3_103302659_T_G" 0 0 15 0 0
"chr3_103598483_C_T" 0 9 1 0 0
"chr3_103978434_G_A" 0 0 0 0 5
"chr3_104008143_T_C" 0 0 7 0 0
"chr3_104009621_A_T" 0 0 6 0 0
"chr3_104385046_A_G" 0 0 0 0 15
"chr3_104636818_T_A" 0 0 0 0 8
"chr3_106314810_C_T" 0 0 0 5 0
"chr3_1077387_C_T" 0 0 0 7 0
"chr3_108809584_G_T" 0 0 0 0 12
"chr3_109004942_G_A" 0 0 0 0 5
"chr3_110029858_C_A" 0 0 8 0 0
"chr3_113573931_G_A" 0 0 0 0 6
"chr3_114103921_C_T" 0 0 0 4 0
"chr3_117709768_G_C" 0 0 0 4 0
"chr3_118790601_C_G" 0 0 9 0 0
"chr3_118948679_C_T" 0 0 6 0 0
"chr3_119950692_T_C" 0 0 0 11 0
"chr3_120343077_G_C" 0 0 0 0 11
"chr3_124112178_C_T" 0 0 9 0 0
"chr3_124489388_G_A" 0 0 13 0 0
"chr3_12502688_T_G" 0 0 0 0 4
"chr3_127116412_A_G" 0 0 8 0 0
"chr3_129381598_G_A" 0 0 0 0 10
"chr3_132989342_C_T" 0 0 0 7 0
"chr3_133357797_C_T" 0 0 0 0 7
"chr3_134436437_G_A" 0 0 10 0 0
"chr3_134504757_A_G" 0 0 10 0 0
"chr3_135834158_G_A" 0 0 13 0 0
"chr3_136349951_T_C" 0 0 7 0 0
"chr3_137074327_C_T" 0 0 0 0 16
"chr3_137387160_C_T" 0 0 8 0 0
"chr3_13939490_C_T" 0 0 0 8 0
"chr3_1396003_C_T" 0 0 0 7 0
"chr3_142530082_T_C" 0 0 17 0 0
"chr3_142864129_G_A" 0 0 0 5 0
"chr3_145011469_G_A" 0 0 0 4 0
"chr3_146002333_A_T" 0 0 0 12 0
"chr3_14657387_A_G" 0 0 0 6 0
"chr3_146712575_G_A" 0 0 6 0 0
"chr3_146736870_A_C" 0 10 0 0 0
"chr3_147246313_C_A" 0 0 16 0 0
"chr3_147591891_G_T" 0 0 13 0 0
"chr3_14764421_T_C" 0 0 0 0 11
"chr3_151050895_A_C" 0 0 14 0 0
"chr3_154817879_G_A" 0 0 0 0 18
"chr3_155272843_C_A" 0 0 12 0 0
"chr3_1560967_C_A" 0 0 0 11 0
"chr3_158576451_C_T" 0 0 0 0 5
"chr3_159054607_C_T" 0 0 0 0 8
"chr3_160849895_C_G" 0 0 10 0 0
"chr3_161531203_G_T" 0 0 0 4 0
"chr3_161829139_C_T" 0 8 0 0 0
"chr3_16215357_C_A" 0 0 0 4 0
"chr3_162156725_C_A" 0 14 0 0 0
"chr3_162252470_A_T" 0 12 0 0 0
"chr3_162344066_G_T" 0 0 11 0 0
"chr3_162545195_A_T" 0 0 0 0 6
"chr3_162644451_T_C" 0 0 0 6 0
"chr3_16322975_G_T" 0 5 0 0 0
"chr3_163291889_A_T" 0 0 12 0 0
"chr3_163617792_A_G" 0 0 0 0 4
"chr3_164122770_G_A" 0 0 8 0 0
"chr3_164509388_G_A" 0 11 0 0 0
"chr3_164543521_G_A" 0 0 13 0 0
"chr3_165365260_G_A" 0 0 0 12 0
"chr3_169584930_T_C" 0 12 0 0 0
"chr3_170985072_A_T" 0 0 4 0 0
"chr3_172711317_G_A" 0 0 0 0 8
"chr3_173546639_A_T" 0 9 0 0 0
"chr3_17410658_G_A" 0 0 7 0 0
"chr3_174707474_G_A" 0 9 0 0 0
"chr3_1771381_G_T" 0 0 11 0 0
"chr3_178120409_G_T" 0 0 0 4 0
"chr3_179849257_T_A" 0 0 0 0 4
"chr3_180412226_T_A" 0 0 0 13 0
"chr3_180467146_C_T" 0 0 0 13 0
"chr3_180719655_C_A" 0 0 0 9 0
"chr3_181868496_G_A" 0 0 0 8 0
"chr3_182589942_A_G" 0 0 0 0 7
"chr3_183579844_G_A" 0 9 0 0 0
"chr3_185319085_G_T" 0 0 8 0 0
"chr3_185362385_T_G" 0 6 0 0 0
"chr3_185910105_G_A" 0 0 0 0 16
"chr3_190145675_C_T" 0 11 0 0 0
"chr3_190282888_G_A" 0 11 0 0 0
"chr3_190589114_C_G" 0 0 0 0 12
"chr3_190849733_G_A" 0 0 0 0 6
"chr3_191551480_G_A" 0 0 5 0 0
"chr3_191868984_C_T" 0 0 0 0 12
"chr3_192059977_G_C" 0 0 0 5 0
"chr3_193055917_C_A" 0 0 19 0 0
"chr3_195007380_C_A" 0 0 0 6 0
"chr3_195917201_C_T" 0 10 0 0 0
"chr3_1970072_C_T" 0 8 0 0 0
"chr3_198136494_C_T" 0 0 11 0 0
"chr3_2140564_G_T" 0 0 0 12 0
"chr3_21814698_C_A" 0 0 0 0 10
"chr3_22037776_C_G" 0 0 6 0 0
"chr3_22243553_T_C" 0 0 0 7 0
"chr3_22464897_A_C" 0 0 0 0 7
"chr3_23119905_A_G" 0 0 0 7 0
"chr3_2423333_G_T" 0 4 0 0 0
"chr3_24751824_C_T" 0 0 0 0 6
"chr3_2641704_A_G" 0 15 0 0 0
"chr3_27904622_G_T" 0 0 0 11 0
"chr3_28244740_G_T" 0 4 0 0 0
"chr3_2882434_G_A" 0 0 7 0 0
"chr3_31321357_T_C" 0 0 0 6 0
"chr3_32397664_G_T" 0 0 0 4 0
"chr3_34485947_G_A" 0 0 0 0 16
"chr3_34577064_G_A" 0 8 0 0 0
"chr3_35459464_A_T" 0 0 0 0 4
"chr3_36150954_T_A" 0 15 0 0 0
"chr3_36616225_C_A" 0 13 0 0 0
"chr3_38606052_C_T" 0 0 0 5 0
"chr3_38852947_G_T" 0 0 4 0 0
"chr3_4023737_C_T" 0 4 0 0 0
"chr3_40607269_G_A" 0 0 0 0 14
"chr3_43157190_T_C" 0 0 0 6 0
"chr3_4495933_T_C" 0 0 7 0 0
"chr3_45999275_C_T" 0 0 0 4 0
"chr3_47316918_G_A" 0 7 0 0 0
"chr3_48503683_A_T" 0 0 0 8 0
"chr3_48879170_C_A" 0 0 5 0 0
"chr3_4930309_C_T" 0 0 0 0 9
"chr3_51437590_G_T" 0 4 0 0 0
"chr3_514851_G_A" 0 5 0 0 0
"chr3_51972842_C_A" 0 0 0 4 0
"chr3_53483737_T_A" 0 0 11 0 0
"chr3_53551326_C_T" 0 0 0 0 10
"chr3_53860290_A_T" 0 0 0 0 4
"chr3_5411646_C_T" 0 0 4 0 0
"chr3_54333224_G_C" 0 0 10 0 0
"chr3_54942031_T_A" 0 0 0 9 0
"chr3_5533988_C_T" 0 0 4 0 0
"chr3_55414939_C_T" 0 0 0 4 0
"chr3_56074354_C_T" 0 0 0 6 0
"chr3_58479498_G_T" 0 0 0 9 0
"chr3_602159_G_C" 0 0 10 0 0
"chr3_616101_A_T" 0 0 11 0 0
"chr3_62032000_G_T" 0 4 0 0 0
"chr3_62886026_C_T" 0 15 0 0 0
"chr3_63664898_G_A" 0 0 9 0 0
"chr3_6431412_G_T" 0 0 10 0 0
"chr3_6444133_C_T" 0 0 0 0 13
"chr3_64810302_C_T" 0 0 0 8 0
"chr3_6487899_T_C" 0 4 0 0 0
"chr3_6511710_C_A" 0 0 0 6 0
"chr3_65737448_A_T" 0 0 0 4 0
"chr3_69209356_T_G" 0 0 10 0 0
"chr3_708040_A_T" 0 0 0 23 0
"chr3_708825_G_A" 0 5 0 0 0
"chr3_72642003_T_G" 0 0 0 0 4
"chr3_73657759_A_T" 0 0 8 0 0
"chr3_74830030_G_A" 0 0 0 0 5
"chr3_75097362_C_T" 0 0 9 0 0
"chr3_75982776_C_A" 0 0 0 0 13
"chr3_76436715_C_A" 0 0 0 10 0
"chr3_7686694_A_G" 0 11 0 0 0
"chr3_77888601_C_G" 0 0 9 0 0
"chr3_77994526_G_A" 0 0 0 11 0
"chr3_78572394_T_A" 0 4 0 0 0
"chr3_78787013_C_T" 0 0 13 0 0
"chr3_79439242_C_T" 0 0 0 7 0
"chr3_79481257_G_A" 0 0 11 0 0
"chr3_79491128_C_T" 0 0 10 0 0
"chr3_79911498_C_T" 0 0 0 5 0
"chr3_80098244_A_C" 0 12 0 0 0
"chr3_80318837_C_A" 0 0 0 0 13
"chr3_811151_A_C" 0 0 0 0 8
"chr3_81953868_T_C" 0 7 0 0 0
"chr3_81954227_C_A" 0 5 0 0 0
"chr3_82666133_A_G" 0 0 6 0 0
"chr3_83119943_C_T" 0 0 0 7 0
"chr3_83417283_G_T" 0 0 0 10 0
"chr3_83506896_C_T" 0 0 0 10 0
"chr3_83564873_A_T" 0 12 0 0 0
"chr3_84369607_C_A" 0 0 0 6 0
"chr3_84790674_G_T" 0 14 0 0 1
"chr3_85467517_A_T" 0 0 10 0 0
"chr3_85862552_T_A" 0 0 13 0 0
"chr3_86264183_T_A" 0 0 0 11 0
"chr3_866533_G_A" 0 0 0 0 6
"chr3_9058632_C_T" 0 0 5 0 0
"chr3_94536484_T_G" 0 0 0 9 0
"chr3_95226234_C_T" 0 0 6 0 0
"chr3_95461358_C_A" 0 20 0 0 0
"chr3_96106723_T_C" 0 15 0 0 0
"chr3_96373511_T_C" 0 0 0 5 0
"chr3_96931160_C_T" 0 0 0 10 0
"chr3_99112694_C_T" 0 7 0 0 16
"chr3_99345049_C_T" 0 0 0 0 5
"chr4_100329576_C_A" 0 0 0 10 0
"chr4_103367872_T_A" 0 0 8 0 0
"chr4_104367049_G_A" 0 0 9 0 0
"chr4_104369564_T_G" 0 0 0 8 0
"chr4_105024986_C_T" 0 0 0 5 0
"chr4_108331924_C_G" 0 0 8 0 0
"chr4_109254006_G_A" 0 0 5 0 0
"chr4_109355533_G_A" 0 4 0 0 0
"chr4_110545132_G_A" 0 11 0 0 0
"chr4_110747225_G_T" 0 0 11 0 0
"chr4_111488970_T_C" 0 0 9 0 0
"chr4_114945702_G_A" 0 0 13 0 0
"chr4_115688138_G_T" 0 0 0 7 0
"chr4_115967402_G_A" 0 11 0 0 0
"chr4_116394456_C_T" 0 0 0 14 0
"chr4_116443522_G_A" 0 10 0 0 0
"chr4_117407437_T_A" 0 9 0 0 0
"chr4_121966318_C_T" 0 8 0 0 0
"chr4_122925923_A_G" 0 0 0 4 0
"chr4_123474825_C_T" 0 0 0 8 0
"chr4_12429744_C_T" 0 0 0 12 0
"chr4_124872012_G_A" 0 0 0 5 0
"chr4_125118542_G_A" 0 0 8 0 0
"chr4_125118543_C_A" 0 0 8 0 0
"chr4_125204649_C_T" 0 10 0 0 0
"chr4_125281442_C_T" 0 0 0 7 0
"chr4_126638324_G_A" 0 6 0 0 0
"chr4_126803367_G_A" 0 0 0 0 13
"chr4_127159722_G_A" 0 0 8 0 0
"chr4_127366257_G_A" 0 0 0 1 12
"chr4_129180425_G_A" 0 0 8 0 0
"chr4_130043203_A_G" 0 0 0 8 0
"chr4_13080560_C_T" 0 0 0 0 12
"chr4_131315302_G_A" 0 0 4 0 0
"chr4_131533858_A_G" 0 0 0 0 5
"chr4_131594703_A_G" 0 0 0 10 0
"chr4_131857410_A_G" 0 0 0 0 11
"chr4_131858015_C_T" 0 4 0 0 0
"chr4_131992052_C_T" 0 0 0 8 0
"chr4_132061907_C_A" 0 4 0 0 0
"chr4_132180774_C_A" 0 11 0 0 0
"chr4_132465369_T_G" 0 0 0 0 11
"chr4_132746925_T_A" 0 7 0 0 0
"chr4_133208754_T_A" 0 0 0 10 0
"chr4_133344619_A_T" 0 0 0 5 0
"chr4_133504851_C_A" 0 8 0 0 0
"chr4_133550498_G_A" 0 0 12 0 0
"chr4_133658854_G_T" 0 0 0 9 0
"chr4_133756110_G_T" 0 0 10 0 0
"chr4_133770459_G_C" 0 0 10 0 0
"chr4_133966584_A_T" 0 0 8 0 0
"chr4_134144409_C_A" 0 0 5 0 0
"chr4_134399679_C_T" 0 10 0 0 0
"chr4_134600754_C_T" 0 0 0 0 11
"chr4_134842162_T_G" 0 0 7 0 0
"chr4_135048350_T_A" 0 0 12 0 0
"chr4_135636811_G_A" 0 0 0 0 6
"chr4_135797815_G_A" 0 16 0 0 0
"chr4_136206955_G_A" 0 0 14 0 0
"chr4_136262126_T_A" 0 6 0 0 0
"chr4_137564881_C_T" 0 0 0 17 0
"chr4_137690893_G_A" 0 0 15 0 0
"chr4_137915313_G_A" 0 0 0 6 0
"chr4_138350440_G_A" 0 0 0 10 0
"chr4_139938994_C_T" 0 0 0 6 0
"chr4_144110239_T_A" 0 0 0 7 0
"chr4_144886811_T_G" 0 9 0 0 0
"chr4_146829631_G_A" 0 0 13 0 0
"chr4_149100006_T_C" 0 0 0 7 0
"chr4_149619616_G_A" 0 0 12 0 0
"chr4_149759936_C_A" 0 0 11 0 0
"chr4_150045456_A_G" 0 0 0 9 0
"chr4_150062111_C_T" 0 0 0 0 10
"chr4_150167422_C_T" 0 12 0 0 1
"chr4_151866998_G_A" 0 0 0 0 7
"chr4_152234934_A_C" 0 10 0 0 0
"chr4_152933115_G_T" 0 0 0 4 0
"chr4_15367225_G_T" 0 14 0 0 0
"chr4_154064311_C_T" 0 0 9 0 0
"chr4_154985449_T_C" 0 12 0 0 0
"chr4_156265690_T_C" 0 0 0 6 0
"chr4_156409823_G_A" 0 0 11 0 0
"chr4_156442628_G_A" 0 0 7 0 0
"chr4_157027681_A_G" 0 0 11 0 0
"chr4_160152796_C_T" 0 0 0 6 0
"chr4_160308270_G_A" 0 4 0 0 0
"chr4_161835634_G_T" 0 6 0 0 0
"chr4_162185942_C_T" 0 7 0 0 0
"chr4_162389873_T_G" 0 0 0 18 0
"chr4_163189771_G_A" 0 0 0 4 0
"chr4_163215973_T_C" 0 14 0 0 0
"chr4_166252974_A_T" 0 0 0 13 0
"chr4_166321188_C_T" 0 0 13 0 0
"chr4_166744856_C_A" 0 0 6 0 0
"chr4_168124016_C_A" 0 13 0 0 0
"chr4_169417484_T_C" 0 0 8 0 0
"chr4_173291617_T_A" 0 0 0 0 10
"chr4_173731347_C_A" 0 4 0 0 0
"chr4_174742326_G_A" 0 0 0 9 0
"chr4_175310822_G_A" 0 0 0 4 0
"chr4_175607151_G_A" 0 0 9 0 0
"chr4_176107099_G_C" 0 5 0 0 0
"chr4_176540204_G_A" 0 0 0 8 0
"chr4_177718632_C_A" 0 0 8 0 0
"chr4_177768707_C_A" 0 0 0 0 9
"chr4_177989741_G_A" 0 0 0 6 0
"chr4_178093306_G_T" 0 0 0 0 9
"chr4_178097455_G_T" 0 0 0 9 0
"chr4_178246129_C_T" 0 0 0 10 0
"chr4_178817282_C_T" 0 0 0 0 7
"chr4_179211271_T_C" 0 10 0 0 0
"chr4_179336465_T_C" 0 0 0 0 21
"chr4_179519142_C_A" 0 4 0 0 0
"chr4_179632360_G_T" 0 16 0 0 0
"chr4_179760854_C_T" 0 0 0 7 0
"chr4_179812439_G_T" 0 1 0 4 0
"chr4_180118615_G_C" 0 4 0 0 0
"chr4_180158994_C_A" 0 10 0 0 0
"chr4_180770554_C_A" 0 11 0 0 0
"chr4_182289073_T_A" 0 0 9 0 0
"chr4_182928165_G_A" 0 0 0 4 0
"chr4_184396435_T_C" 0 4 0 0 0
"chr4_185863795_G_A" 0 0 0 0 7
"chr4_185963295_A_G" 0 14 0 0 0
"chr4_18719353_A_T" 0 0 0 7 0
"chr4_187718073_T_G" 0 8 0 0 0
"chr4_187752407_G_T" 0 0 10 0 0
"chr4_188280127_A_T" 0 6 0 0 0
"chr4_188693722_C_T" 0 0 0 8 0
"chr4_189127400_A_G" 0 0 0 0 6
"chr4_189565595_A_G" 0 7 0 0 0
"chr4_190115449_C_A" 0 0 0 11 0
"chr4_21299309_C_T" 0 11 0 0 0
"chr4_22118342_C_T" 0 6 0 0 0
"chr4_24188627_T_C" 0 0 0 0 8
"chr4_26296622_C_G" 0 15 0 0 0
"chr4_27306660_C_T" 0 5 0 0 0
"chr4_27950854_G_A" 0 7 0 0 0
"chr4_28043984_G_A" 0 0 0 0 12
"chr4_28510630_G_A" 0 0 0 9 0
"chr4_28670986_T_G" 0 1 0 4 0
"chr4_29890207_G_A" 0 0 0 8 0
"chr4_30109588_T_C" 0 0 0 0 12
"chr4_3018493_A_G" 0 0 0 0 5
"chr4_30236419_C_T" 0 0 0 6 0
"chr4_30396590_A_C" 0 0 12 0 0
"chr4_31623620_T_A" 4 0 0 1 0
"chr4_32903480_C_A" 0 0 9 0 0
"chr4_33111686_C_T" 0 0 8 0 0
"chr4_33772416_C_A" 0 5 0 0 0
"chr4_34077442_C_T" 0 0 8 0 0
"chr4_34355210_G_A" 0 0 0 7 0
"chr4_34917755_C_A" 0 0 0 5 0
"chr4_35702460_C_T" 0 10 0 0 0
"chr4_37036643_G_T" 0 0 4 0 0
"chr4_37142643_C_A" 0 0 13 0 0
"chr4_38384104_G_T" 0 0 0 0 12
"chr4_38901237_C_G" 0 0 0 0 4
"chr4_39949634_C_A" 0 4 0 0 0
"chr4_42566973_T_C" 0 0 0 0 20
"chr4_43432144_C_T" 0 0 8 0 0
"chr4_44380880_C_T" 0 0 7 0 0
"chr4_45532660_A_G" 0 11 0 0 0
"chr4_45606713_T_A" 0 0 0 0 13
"chr4_45786084_G_C" 0 11 0 0 0
"chr4_46447540_T_G" 0 0 0 11 0
"chr4_47245737_G_C" 0 0 9 0 0
"chr4_52195663_A_T" 0 0 7 0 0
"chr4_52734811_A_G" 0 0 0 4 0
"chr4_53465273_T_A" 0 0 0 8 0
"chr4_5386267_T_C" 0 7 0 0 0
"chr4_55231821_C_T" 0 0 0 0 6
"chr4_57996261_C_A" 0 0 0 4 0
"chr4_58087840_A_G" 0 13 0 0 0
"chr4_58402035_C_A" 0 0 0 9 0
"chr4_58663369_A_G" 0 8 0 0 0
"chr4_5917943_C_T" 0 0 0 10 0
"chr4_59522842_C_A" 0 8 0 0 0
"chr4_60108386_C_A" 0 0 0 10 1
"chr4_62376371_G_A" 0 11 0 0 0
"chr4_63248696_T_A" 0 0 0 11 0
"chr4_63351279_A_T" 0 0 8 0 0
"chr4_6352112_C_T" 0 0 0 9 0
"chr4_63959331_G_A" 0 9 0 0 0
"chr4_64906850_A_G" 0 0 0 10 0
"chr4_65299842_C_A" 0 0 0 5 0
"chr4_6563293_C_G" 0 0 4 0 0
"chr4_65674624_T_C" 0 14 0 0 16
"chr4_65679255_A_T" 0 0 6 0 0
"chr4_66583617_A_T" 0 0 12 0 0
"chr4_66584357_A_C" 0 4 0 0 0
"chr4_66763218_G_A" 0 0 0 5 0
"chr4_66935059_G_C" 0 11 0 0 0
"chr4_68064696_A_T" 0 0 12 0 0
"chr4_68641650_C_G" 0 0 6 0 0
"chr4_68653744_T_A" 0 7 0 0 0
"chr4_69000660_C_T" 0 0 0 0 9
"chr4_69033200_A_G" 0 0 12 0 0
"chr4_70702348_C_T" 0 7 0 0 0
"chr4_71215154_A_G" 0 0 0 0 4
"chr4_7251864_A_G" 0 8 0 0 0
"chr4_72768256_C_T" 0 0 0 6 0
"chr4_7434780_A_G" 0 0 0 12 0
"chr4_7784670_T_C" 0 0 0 0 6
"chr4_78981730_A_G" 0 10 0 0 0
"chr4_79458569_G_A" 0 0 0 10 0
"chr4_80531978_A_T" 0 0 0 0 9
"chr4_80688504_T_A" 0 12 0 0 0
"chr4_81117147_C_A" 1 0 0 0 9
"chr4_8174877_G_A" 0 0 8 0 0
"chr4_83022959_C_G" 0 0 0 0 10
"chr4_8308256_G_A" 0 0 0 9 0
"chr4_85133859_C_T" 0 0 0 8 0
"chr4_85138039_G_T" 0 0 14 0 0
"chr4_85228560_T_A" 0 6 0 0 0
"chr4_86756108_A_G" 0 6 0 0 0
"chr4_88184804_T_C" 0 0 0 8 0
"chr4_89176293_G_A" 0 0 9 0 0
"chr4_91259871_G_A" 0 0 11 0 0
"chr4_95051531_C_G" 0 0 8 0 0
"chr4_95334606_C_T" 0 0 10 0 0
"chr4_95833592_A_T" 0 0 17 0 0
"chr4_9695454_C_T" 0 10 0 0 0
"chr4_97861725_C_T" 0 0 0 6 0
"chr4_98975344_C_A" 0 0 0 5 0
"chr4_99174388_T_G" 0 0 7 0 0
"chr4_99518163_G_T" 0 0 4 0 0
"chr4_9966966_A_G" 0 0 0 6 0
"chr5_100793133_G_T" 0 0 9 0 0
"chr5_101181234_C_T" 0 0 0 7 0
"chr5_102093262_A_G" 0 4 0 0 0
"chr5_102119842_A_T" 0 10 0 0 0
"chr5_102448670_G_A" 0 0 6 0 0
"chr5_103098065_T_G" 0 0 7 0 0
"chr5_103250701_G_A" 0 0 0 4 0
"chr5_104025855_C_T" 0 0 0 8 0
"chr5_104115741_A_T" 0 0 4 0 0
"chr5_105346841_T_A" 0 0 13 0 0
"chr5_105556246_C_T" 0 0 0 8 0
"chr5_107331831_C_T" 0 0 0 11 0
"chr5_109557696_C_T" 0 0 6 0 0
"chr5_11055922_T_G" 0 0 0 4 0
"chr5_110905281_T_C" 0 0 0 5 0
"chr5_110921549_C_A" 0 12 0 0 0
"chr5_111865381_G_A" 0 5 0 0 0
"chr5_112264321_C_T" 0 0 12 0 0
"chr5_113085886_C_T" 0 0 0 8 0
"chr5_1134469_T_A" 0 0 0 0 5
"chr5_113755789_C_A" 0 13 0 0 0
"chr5_114282635_C_A" 0 0 15 0 0
"chr5_114848381_G_A" 0 0 0 0 6
"chr5_115209590_T_A" 0 5 0 0 0
"chr5_115761869_C_T" 0 15 0 0 0
"chr5_11698522_C_T" 0 0 0 5 0
"chr5_118553537_C_T" 0 0 0 0 12
"chr5_119480117_T_A" 0 0 0 0 9
"chr5_120517550_T_C" 0 0 0 0 11
"chr5_120770495_C_G" 0 0 0 9 0
"chr5_12096560_T_C" 0 0 0 7 0
"chr5_121111878_A_G" 0 0 13 0 0
"chr5_121340971_G_T" 0 0 0 4 0
"chr5_121341464_C_T" 0 0 0 7 0
"chr5_121650949_A_C" 0 0 0 4 0
"chr5_121661222_G_C" 0 0 0 4 0
"chr5_122140943_T_C" 0 0 0 5 0
"chr5_123167040_T_G" 0 0 0 6 0
"chr5_12350524_G_C" 0 0 9 0 0
"chr5_123932027_C_G" 0 5 0 0 0
"chr5_126344871_T_C" 0 0 4 0 0
"chr5_126461924_A_G" 0 4 0 0 0
"chr5_127294921_G_A" 0 0 0 0 11
"chr5_127298228_G_A" 0 0 15 0 0
"chr5_129542131_C_T" 0 0 0 10 0
"chr5_130030713_C_T" 0 10 0 0 0
"chr5_130177527_G_T" 0 0 0 7 0
"chr5_130232078_G_A" 0 0 11 0 0
"chr5_130431478_G_A" 0 0 0 0 7
"chr5_13069204_T_A" 0 0 11 0 0
"chr5_133004984_T_C" 0 10 0 0 0
"chr5_135220654_C_T" 0 0 0 0 12
"chr5_135640804_T_C" 0 0 0 6 0
"chr5_135641228_G_A" 0 0 0 11 0
"chr5_135738986_G_A" 0 10 0 0 0
"chr5_137541655_A_G" 0 0 0 16 0
"chr5_143425096_C_G" 0 0 0 8 0
"chr5_143506829_C_T" 0 0 0 10 0
"chr5_144634569_C_A" 0 0 10 0 0
"chr5_14543609_T_C" 0 0 0 7 0
"chr5_150206385_T_C" 0 0 4 0 0
"chr5_151680472_G_A" 0 0 0 4 0
"chr5_153384626_T_A" 0 0 0 10 0
"chr5_153502059_C_T" 0 0 0 7 0
"chr5_154062884_C_T" 0 0 0 8 0
"chr5_155442743_G_A" 0 0 10 0 0
"chr5_155765154_C_T" 0 0 6 0 0
"chr5_155800327_C_T" 0 0 0 16 0
"chr5_155978327_G_A" 0 0 9 0 0
"chr5_156156497_G_A" 0 0 0 10 0
"chr5_156191413_T_C" 0 0 5 0 0
"chr5_157768978_C_T" 0 4 0 0 0
"chr5_158475942_C_T" 0 0 0 11 0
"chr5_159939350_A_T" 0 6 0 0 0
"chr5_160800283_T_C" 0 0 10 0 0
"chr5_161100857_C_G" 0 0 4 0 0
"chr5_161296239_C_T" 0 0 0 0 5
"chr5_161399395_C_T" 0 0 0 0 13
"chr5_161503288_G_T" 0 0 0 0 23
"chr5_161922205_A_C" 0 0 7 0 0
"chr5_162017818_C_A" 0 8 0 0 0
"chr5_162205114_T_A" 0 12 0 0 0
"chr5_162205136_T_C" 0 13 0 0 0
"chr5_162573530_G_T" 0 0 0 9 0
"chr5_16269389_C_T" 0 4 0 0 0
"chr5_163715979_G_A" 0 0 0 15 0
"chr5_163822507_G_A" 0 0 10 0 0
"chr5_164387916_A_T" 0 0 12 0 0
"chr5_164884116_G_T" 0 0 0 4 0
"chr5_165713533_C_T" 0 0 0 9 0
"chr5_166118884_T_A" 0 0 0 4 0
"chr5_166413768_G_A" 0 0 11 0 0
"chr5_166994200_G_A" 0 0 14 0 0
"chr5_167342074_G_T" 0 0 0 4 0
"chr5_167768014_C_A" 0 0 0 0 11
"chr5_169449285_G_T" 0 0 0 4 0
"chr5_16961688_C_A" 0 0 0 0 8
"chr5_169831612_C_T" 0 0 0 5 0
"chr5_169920654_C_T" 0 0 0 8 0
"chr5_170270009_G_C" 0 0 12 0 0
"chr5_170847942_G_A" 0 0 0 9 0
"chr5_171489064_C_T" 0 0 0 0 6
"chr5_172935750_C_G" 0 0 0 0 11
"chr5_175317771_C_T" 0 0 0 0 6
"chr5_175392549_C_A" 0 0 4 0 0
"chr5_175746418_A_G" 0 0 11 0 0
"chr5_177695529_A_G" 0 0 5 0 0
"chr5_17844573_C_T" 0 6 0 0 0
"chr5_179190644_G_T" 0 8 0 0 0
"chr5_17925438_G_A" 0 0 5 0 0
"chr5_179262286_C_T" 0 4 0 0 0
"chr5_179388029_G_A" 0 18 0 0 0
"chr5_180638002_G_A" 0 0 0 8 0
"chr5_180641076_C_G" 0 11 0 0 0
"chr5_181141947_C_T" 0 0 9 0 0
"chr5_18177499_G_C" 0 0 0 15 0
"chr5_18304577_C_T" 0 0 0 0 8
"chr5_19123523_T_C" 0 0 0 13 0
"chr5_19727351_T_A" 0 0 15 0 0
"chr5_20545298_A_T" 0 0 7 0 0
"chr5_2057770_G_A" 0 11 0 0 0
"chr5_2141101_G_A" 0 0 0 7 0
"chr5_21744629_G_A" 0 0 0 0 9
"chr5_22901534_G_A" 0 0 0 0 15
"chr5_2300103_G_A" 0 0 6 0 0
"chr5_23145373_C_A" 1 0 6 0 0
"chr5_23429435_G_A" 0 0 0 4 0
"chr5_23855733_C_A" 0 10 0 0 0
"chr5_24124960_T_G" 0 0 16 0 0
"chr5_24351357_G_T" 0 0 7 0 0
"chr5_24705551_A_T" 0 0 10 0 0
"chr5_24827121_T_C" 0 5 0 0 0
"chr5_25019118_T_C" 0 0 0 0 10
"chr5_25414677_C_T" 0 0 9 0 0
"chr5_25564167_C_T" 0 10 0 0 0
"chr5_25744168_C_T" 0 0 10 0 0
"chr5_25758450_A_T" 0 0 10 0 0
"chr5_26597885_G_A" 0 0 6 0 0
"chr5_26897761_G_C" 0 8 0 0 0
"chr5_27152049_A_T" 0 10 0 0 0
"chr5_27343507_C_T" 0 0 0 11 0
"chr5_27348627_G_T" 0 0 9 0 0
"chr5_27553184_T_G" 0 5 0 0 0
"chr5_27639567_C_A" 0 5 0 0 0
"chr5_28581665_G_T" 0 4 0 0 0
"chr5_28711040_T_A" 0 0 9 0 0
"chr5_2882483_C_T" 0 0 0 5 0
"chr5_29678173_C_T" 0 0 4 0 0
"chr5_30546437_C_A" 0 8 0 0 0
"chr5_30682305_A_G" 0 0 0 7 0
"chr5_31602573_C_A" 0 0 0 0 13
"chr5_31973241_G_A" 0 12 0 0 0
"chr5_32007220_C_A" 0 4 0 0 0
"chr5_34072857_T_G" 0 0 0 5 0
"chr5_38320712_C_T" 0 0 11 0 0
"chr5_40119132_A_T" 0 0 9 0 0
"chr5_4038943_C_T" 0 0 5 0 0
"chr5_42087646_G_A" 0 0 10 0 0
"chr5_43399802_C_A" 0 0 0 6 0
"chr5_43681998_C_T" 0 0 0 0 8
"chr5_44488333_T_G" 0 6 0 0 0
"chr5_44950307_A_C" 0 12 0 0 0
"chr5_4502217_G_A" 0 0 0 0 4
"chr5_45400610_C_T" 0 0 0 6 0
"chr5_4551168_G_A" 0 0 0 6 0
"chr5_45836257_T_G" 0 0 14 0 0
"chr5_4628596_G_A" 0 0 0 0 8
"chr5_4672719_C_A" 0 12 0 0 0
"chr5_467344_G_C" 0 4 0 0 0
"chr5_4775122_C_T" 0 0 4 0 0
"chr5_4957141_G_A" 0 0 0 13 0
"chr5_50845138_C_T" 0 11 0 0 0
"chr5_51528539_T_G" 0 21 0 0 0
"chr5_51748113_A_T" 0 0 14 0 0
"chr5_52641037_A_T" 0 4 0 0 0
"chr5_55041543_C_T" 0 0 7 0 0
"chr5_55699322_C_T" 0 0 0 7 0
"chr5_56540784_C_T" 0 0 8 0 0
"chr5_57905311_G_T" 0 0 0 4 0
"chr5_58275980_G_T" 0 0 12 0 0
"chr5_58906474_G_A" 0 0 0 13 0
"chr5_58976965_T_C" 0 13 0 0 0
"chr5_60667234_G_T" 0 0 0 4 0
"chr5_62233582_G_T" 0 0 0 12 0
"chr5_6283263_G_A" 0 10 0 0 0
"chr5_62882090_C_T" 0 0 5 0 0
"chr5_63464145_C_A" 0 19 0 0 0
"chr5_63565354_C_T" 0 8 0 0 0
"chr5_63679129_T_A" 0 0 9 0 0
"chr5_64010882_G_A" 0 0 14 0 0
"chr5_64108348_C_T" 0 15 0 0 0
"chr5_64178486_C_A" 0 0 0 4 0
"chr5_72342292_G_T" 0 0 4 0 0
"chr5_72690613_C_T" 0 0 9 0 0
"chr5_73271771_C_A" 0 0 6 0 0
"chr5_75257636_C_T" 0 8 0 0 0
"chr5_77625872_A_T" 0 0 0 12 0
"chr5_79674124_C_T" 0 10 0 0 0
"chr5_79750962_G_A" 0 0 0 0 11
"chr5_79848810_G_A" 0 4 0 0 0
"chr5_80036928_G_A" 0 0 0 5 0
"chr5_81775546_T_G" 0 7 0 0 0
"chr5_82113898_G_T" 0 0 13 0 0
"chr5_8237446_G_A" 0 0 9 0 0
"chr5_84603254_T_A" 0 0 0 13 0
"chr5_85111245_C_A" 0 0 4 0 0
"chr5_8514800_G_C" 0 9 0 0 0
"chr5_85171709_A_G" 0 0 7 0 0
"chr5_85604299_T_G" 0 0 0 6 0
"chr5_8574816_G_T" 0 10 0 0 0
"chr5_85902919_T_C" 0 0 10 0 0
"chr5_86067126_G_A" 0 6 0 0 0
"chr5_86255059_G_A" 0 0 13 1 0
"chr5_87927891_A_T" 0 0 0 6 0
"chr5_88248893_C_T" 0 0 0 9 0
"chr5_89042721_G_A" 0 14 0 0 0
"chr5_89156148_G_A" 0 0 0 5 0
"chr5_89448699_T_A" 0 12 0 0 0
"chr5_89467659_G_A" 0 0 0 0 9
"chr5_89748412_C_T" 0 0 0 10 0
"chr5_90270185_C_A" 0 0 14 0 0
"chr5_90305767_T_C" 0 0 0 9 0
"chr5_90587781_A_G" 0 0 0 5 0
"chr5_90667111_G_T" 0 0 13 0 0
"chr5_91003058_G_T" 0 0 0 9 0
"chr5_91767091_G_T" 0 6 0 0 0
"chr5_9219316_T_C" 0 0 14 0 0
"chr5_92333294_G_A" 0 0 0 0 20
"chr5_92389681_A_G" 0 0 12 0 0
"chr5_92817748_C_T" 0 19 0 0 0
"chr5_93267245_G_C" 0 9 0 0 0
"chr5_93793068_G_T" 0 0 0 4 0
"chr5_94618407_C_T" 0 0 0 4 0
"chr5_95163180_G_A" 0 0 1 8 0
"chr5_9524421_C_T" 0 0 0 4 0
"chr5_96720463_C_A" 0 0 0 8 0
"chr5_9710170_T_C" 0 0 6 0 0
"chr5_9776196_C_T" 0 0 11 0 0
"chr5_98102580_C_A" 0 0 0 9 0
"chr5_9832113_G_A" 0 0 0 0 18
"chr5_99789643_G_A" 0 0 0 7 0
"chr6_100242458_G_A" 0 0 10 0 0
"chr6_101214670_C_A" 0 14 0 0 0
"chr6_101950399_A_T" 0 0 10 0 0
"chr6_102079819_T_G" 0 0 6 0 0
"chr6_102100462_G_T" 0 13 0 0 0
"chr6_102629816_C_T" 0 10 0 0 0
"chr6_102699839_C_T" 0 9 0 0 0
"chr6_102749643_G_T" 0 0 0 7 0
"chr6_102999811_G_A" 0 0 8 0 0
"chr6_103146600_C_A" 0 0 19 0 0
"chr6_103236244_A_G" 0 4 0 0 0
"chr6_103612615_A_C" 0 0 11 0 0
"chr6_103620333_C_G" 0 0 0 6 0
"chr6_105046905_T_A" 0 0 0 0 14
"chr6_106055078_A_C" 0 0 0 0 7
"chr6_106130761_T_A" 0 0 0 12 0
"chr6_109685353_G_T" 0 0 0 4 0
"chr6_11104084_T_C" 0 0 0 4 0
"chr6_111439093_T_C" 0 0 0 0 7
"chr6_113688821_G_T" 0 0 0 4 0
"chr6_114824051_A_G" 0 0 0 9 0
"chr6_116739444_A_G" 0 0 7 0 0
"chr6_120413637_A_G" 0 0 5 0 0
"chr6_120505497_A_C" 0 0 0 11 0
"chr6_12143689_C_T" 0 0 8 0 0
"chr6_12146034_A_C" 0 0 0 0 12
"chr6_121648904_C_A" 0 0 0 13 0
"chr6_121859830_A_G" 0 0 0 0 9
"chr6_122774667_C_G" 0 0 0 4 0
"chr6_122985193_A_G" 0 5 0 0 0
"chr6_123017575_C_A" 0 17 0 0 0
"chr6_124325999_T_A" 0 0 0 0 12
"chr6_125397302_G_A" 1 0 0 0 16
"chr6_125917028_A_G" 0 0 7 0 0
"chr6_128166153_G_A" 0 10 0 0 0
"chr6_128367559_C_T" 0 0 5 0 0
"chr6_129568096_C_T" 0 0 0 0 8
"chr6_130222561_C_T" 0 8 0 0 0
"chr6_131128597_C_T" 0 0 0 6 0
"chr6_131786709_G_T" 0 0 1 0 16
"chr6_133267074_T_C" 0 0 0 6 0
"chr6_136483518_C_A" 0 0 0 6 0
"chr6_137916659_C_T" 0 4 0 0 0
"chr6_13892345_T_C" 0 0 7 0 0
"chr6_140592570_G_A" 0 0 0 0 14
"chr6_140998290_G_T" 0 0 11 0 0
"chr6_14110099_G_A" 0 0 9 0 0
"chr6_141741966_C_A" 0 9 0 0 0
"chr6_141947858_G_C" 0 0 11 0 0
"chr6_142191061_G_A" 0 0 0 11 0
"chr6_142925473_A_C" 0 0 11 0 0
"chr6_144427012_C_T" 0 10 0 0 0
"chr6_146375957_C_A" 0 0 0 8 0
"chr6_146405482_C_T" 0 0 0 9 0
"chr6_146832942_T_C" 1 0 0 0 10
"chr6_147989510_C_T" 0 0 6 0 0
"chr6_149119365_A_G" 0 0 0 4 0
"chr6_149194594_T_C" 0 0 11 0 0
"chr6_150816127_G_T" 0 1 4 0 0
"chr6_152187390_G_A" 0 0 9 0 0
"chr6_153037268_G_A" 0 0 8 0 0
"chr6_153731466_G_A" 0 11 0 0 0
"chr6_156112694_T_C" 0 0 7 0 0
"chr6_156160487_T_C" 0 0 0 11 0
"chr6_157306153_G_A" 0 0 13 0 0
"chr6_15930584_G_A" 0 0 0 10 0
"chr6_160249557_G_A" 0 0 0 0 14
"chr6_161356723_G_A" 0 4 0 0 0
"chr6_163239389_G_A" 0 0 10 0 0
"chr6_164623812_T_C" 0 0 0 0 12
"chr6_164738326_C_A" 0 4 0 0 0
"chr6_16715351_A_T" 0 0 11 0 0
"chr6_170062320_C_A" 0 11 0 0 0
"chr6_170234608_C_T" 0 0 6 0 0
"chr6_170549633_G_A" 0 0 0 5 0
"chr6_17134434_G_A" 0 0 0 5 0
"chr6_18640703_T_C" 0 14 0 0 0
"chr6_19947133_C_T" 0 0 0 4 0
"chr6_20987531_A_T" 0 0 4 0 0
"chr6_21906737_A_G" 0 0 0 6 0
"chr6_23029819_T_A" 0 0 0 4 0
"chr6_26968178_C_T" 0 0 0 6 0
"chr6_32339763_G_A" 0 0 5 0 0
"chr6_33456528_G_T" 0 0 4 0 0
"chr6_33957134_C_A" 0 0 7 0 0
"chr6_34039960_A_T" 0 6 0 0 0
"chr6_34899671_T_C" 0 0 11 0 0
"chr6_35632699_G_A" 0 0 0 0 9
"chr6_3586204_A_T" 0 0 12 1 0
"chr6_3614280_G_A" 0 0 11 0 0
"chr6_36978631_G_T" 0 5 0 0 0
"chr6_37399811_C_T" 0 0 6 0 0
"chr6_37518290_G_A" 0 0 0 0 9
"chr6_39191952_C_T" 0 0 0 4 0
"chr6_44687590_A_G" 0 0 0 0 8
"chr6_4727638_A_G" 0 8 0 0 0
"chr6_47304126_G_A" 0 7 0 0 0
"chr6_48234054_C_A" 0 0 0 0 16
"chr6_48320268_G_T" 0 0 13 0 0
"chr6_50278414_A_C" 0 0 0 0 13
"chr6_51459933_G_A" 0 0 0 10 0
"chr6_5150764_T_C" 0 0 0 7 0
"chr6_54290207_T_C" 0 0 0 8 0
"chr6_54541926_C_A" 0 0 0 12 0
"chr6_56177527_C_A" 0 14 0 0 0
"chr6_5670378_A_G" 0 0 0 7 0
"chr6_57740996_A_G" 0 0 0 7 0
"chr6_58050958_C_T" 0 4 0 0 0
"chr6_58333691_C_T" 0 0 6 0 0
"chr6_58357055_A_C" 0 8 0 0 0
"chr6_60460690_G_T" 0 0 0 5 0
"chr6_60706533_T_A" 0 0 9 0 0
"chr6_6194330_C_T" 0 13 0 0 0
"chr6_62401070_C_A" 0 0 4 0 0
"chr6_62900303_C_T" 0 0 14 0 0
"chr6_64818405_C_T" 0 0 0 11 0
"chr6_64864634_G_A" 0 0 6 0 1
"chr6_64875541_T_C" 0 0 0 15 0
"chr6_65198205_C_T" 0 0 0 7 0
"chr6_65239236_G_A" 0 0 0 0 4
"chr6_65386608_G_T" 0 0 20 0 0
"chr6_66631277_C_A" 0 0 0 5 0
"chr6_66868386_G_A" 0 4 0 0 0
"chr6_66986062_G_T" 0 0 9 0 0
"chr6_67463181_A_G" 0 12 0 0 0
"chr6_67535337_T_G" 0 0 0 8 0
"chr6_67535349_A_T" 0 0 0 6 0
"chr6_67675300_C_A" 0 0 0 13 0
"chr6_67823427_G_T" 0 0 0 0 12
"chr6_67912598_C_T" 0 0 0 6 0
"chr6_67992715_A_T" 0 0 8 0 0
"chr6_67996694_C_T" 0 0 0 6 0
"chr6_68138007_T_A" 0 8 0 0 0
"chr6_68155153_G_A" 0 0 12 0 0
"chr6_68560684_A_G" 0 0 0 0 8
"chr6_68987746_T_A" 0 0 0 0 16
"chr6_69133281_G_T" 0 0 12 0 0
"chr6_69537872_C_G" 0 4 0 0 0
"chr6_69999803_G_A" 0 0 10 0 0
"chr6_70621115_C_A" 0 0 0 4 0
"chr6_71839368_T_C" 0 0 0 4 0
"chr6_72233452_G_A" 0 0 11 0 0
"chr6_73158206_C_G" 0 4 0 0 0
"chr6_74373010_C_T" 0 0 0 0 6
"chr6_74497091_T_A" 0 0 4 0 0
"chr6_77067450_G_A" 0 0 5 0 0
"chr6_79023203_T_A" 0 0 0 0 4
"chr6_80370622_C_A" 0 0 0 6 0
"chr6_80573925_C_T" 0 0 0 4 0
"chr6_80579235_A_G" 0 0 0 5 0
"chr6_8122586_G_A" 0 7 0 0 0
"chr6_82034834_T_A" 0 9 0 0 0
"chr6_828299_T_A" 0 0 0 6 0
"chr6_84490905_G_A" 0 0 10 0 0
"chr6_84571101_G_T" 0 0 0 11 0
"chr6_84954694_C_A" 0 7 0 0 0
"chr6_85368717_G_C" 0 0 0 14 0
"chr6_85938911_G_T" 0 0 4 0 0
"chr6_86106245_C_T" 0 0 0 13 0
"chr6_86220432_C_A" 0 12 0 0 0
"chr6_87103259_T_C" 0 0 22 0 0
"chr6_88197650_G_A" 0 0 0 0 5
"chr6_88559145_C_T" 0 12 0 0 0
"chr6_89481626_C_A" 0 0 0 4 0
"chr6_89514399_G_T" 0 0 7 0 0
"chr6_89653757_A_C" 0 13 0 0 0
"chr6_89940853_T_G" 0 0 4 0 0
"chr6_90397048_C_A" 0 0 4 0 0
"chr6_90424028_C_T" 0 0 0 0 9
"chr6_90909394_T_C" 0 0 0 0 5
"chr6_91912588_T_A" 0 13 0 0 0
"chr6_92079406_C_A" 0 10 0 0 0
"chr6_92506054_G_C" 0 0 10 0 0
"chr6_92743543_G_T" 0 4 0 0 0
"chr6_92982942_T_A" 0 15 0 0 0
"chr6_93643884_C_A" 0 4 0 0 0
"chr6_93955261_A_T" 0 0 11 0 0
"chr6_94231767_T_G" 0 8 0 0 0
"chr6_95119382_C_T" 0 0 7 0 0
"chr6_96806582_G_A" 0 0 0 4 0
"chr6_98082246_C_A" 0 0 0 5 0
"chr6_98347887_G_A" 0 0 5 0 0
"chr7_100750916_G_A" 0 0 4 0 0
"chr7_101277940_C_T" 0 0 0 8 0
"chr7_104343357_A_G" 0 0 0 4 0
"chr7_104561750_G_A" 0 0 0 8 0
"chr7_10457780_A_T" 0 0 0 0 9
"chr7_104759975_C_T" 0 0 10 0 0
"chr7_10640255_G_A" 1 0 0 13 0
"chr7_106535439_C_T" 0 7 0 0 0
"chr7_106953770_G_T" 0 0 0 0 10
"chr7_109781374_G_T" 0 0 0 4 0
"chr7_109807107_C_T" 0 0 0 7 0
"chr7_112647917_C_T" 0 0 0 0 11
"chr7_112752538_C_A" 0 0 0 8 0
"chr7_112900041_C_A" 0 4 0 0 0
"chr7_112900080_C_A" 0 4 0 0 0
"chr7_113246277_T_A" 0 0 13 0 0
"chr7_113767912_C_T" 0 0 5 0 0
"chr7_115039164_G_T" 0 0 5 0 0
"chr7_116980405_C_A" 0 0 0 8 0
"chr7_117184231_C_T" 0 0 12 0 0
"chr7_118437944_G_A" 0 0 0 6 0
"chr7_118774661_G_A" 0 0 5 0 0
"chr7_119048796_G_T" 0 0 0 5 0
"chr7_119423897_C_A" 0 10 0 0 0
"chr7_119538403_G_A" 0 0 10 0 0
"chr7_119833772_G_A" 0 0 13 0 0
"chr7_119884726_T_C" 0 8 0 0 0
"chr7_120670942_G_T" 0 10 0 0 0
"chr7_123434501_G_A" 0 8 0 0 0
"chr7_124660650_C_T" 0 0 0 6 0
"chr7_124995450_A_T" 0 6 0 0 0
"chr7_128372725_G_A" 0 0 8 0 0
"chr7_128904532_G_A" 0 12 0 2 0
"chr7_1300782_C_A" 1 0 0 7 0
"chr7_130323514_G_A" 0 0 1 0 11
"chr7_130604073_C_A" 0 0 4 0 0
"chr7_130783653_A_G" 0 0 0 7 0
"chr7_131802016_C_T" 0 0 5 0 0
"chr7_131839675_C_G" 0 0 0 5 0
"chr7_132287819_A_G" 0 0 0 0 13
"chr7_132421521_T_G" 0 0 0 12 0
"chr7_133814533_A_T" 0 0 8 0 0
"chr7_136620506_G_A" 0 0 14 0 0
"chr7_13683650_G_A" 0 0 0 6 0
"chr7_137430020_G_T" 0 0 6 0 0
"chr7_137810194_G_C" 0 0 13 0 0
"chr7_141114618_T_C" 0 0 0 9 0
"chr7_141352626_C_G" 0 9 0 0 0
"chr7_14146419_T_A" 0 0 6 0 0
"chr7_1433571_C_T" 0 5 0 0 0
"chr7_143449923_A_C" 0 0 0 5 0
"chr7_143928874_A_G" 0 0 0 0 10
"chr7_144051837_A_T" 0 0 6 0 0
"chr7_145233606_C_T" 0 0 0 0 10
"chr7_145270325_A_T" 0 0 12 0 0
"chr7_145286374_G_C" 0 0 0 6 0
"chr7_146137540_A_T" 0 0 8 0 0
"chr7_146238787_C_T" 0 0 4 0 0
"chr7_147719957_G_A" 0 0 11 0 0
"chr7_14923166_T_C" 0 0 0 4 0
"chr7_150577605_G_A" 1 0 9 0 0
"chr7_150857333_G_A" 0 0 13 0 0
"chr7_151007450_C_A" 0 0 4 0 0
"chr7_15103461_C_T" 0 0 0 0 7
"chr7_151229371_C_T" 0 9 0 0 0
"chr7_15130534_G_T" 0 0 11 0 0
"chr7_15192837_G_A" 0 5 0 0 0
"chr7_153670603_C_T" 0 21 0 1 0
"chr7_154046551_C_A" 0 0 0 0 9
"chr7_154077627_C_A" 0 0 5 0 0
"chr7_154368369_G_A" 0 10 0 0 0
"chr7_154461985_T_C" 0 0 0 11 0
"chr7_156358173_C_T" 0 0 6 0 0
"chr7_158040398_T_A" 0 0 0 0 4
"chr7_158798999_G_A" 0 19 0 0 0
"chr7_17946583_G_A" 0 0 0 15 0
"chr7_20400496_T_C" 0 0 0 6 0
"chr7_20400513_G_T" 0 0 0 5 0
"chr7_21513320_T_G" 0 0 7 0 0
"chr7_21651947_C_G" 0 0 12 0 0
"chr7_21716853_C_T" 0 0 6 0 0
"chr7_24303823_A_C" 0 0 13 0 0
"chr7_25722654_G_A" 0 14 0 0 0
"chr7_27092918_T_C" 0 0 5 0 0
"chr7_30554056_T_C" 0 0 0 6 0
"chr7_3249306_C_T" 0 11 0 0 0
"chr7_3278435_C_G" 0 0 0 0 8
"chr7_33030813_G_C" 0 4 0 0 0
"chr7_34433729_C_T" 0 0 0 6 0
"chr7_34493137_C_T" 0 17 0 0 0
"chr7_34546768_G_A" 0 0 13 0 0
"chr7_3504042_C_T" 0 0 0 0 12
"chr7_3582980_C_G" 0 4 0 0 0
"chr7_36013099_A_G" 0 0 0 8 0
"chr7_36850375_C_A" 0 0 0 0 11
"chr7_36860230_G_T" 0 18 0 0 0
"chr7_37486620_T_C" 0 0 0 9 0
"chr7_37674955_C_T" 0 0 9 0 0
"chr7_38627269_C_T" 0 0 0 4 0
"chr7_39205917_T_A" 0 7 0 0 0
"chr7_41193531_G_A" 0 0 11 0 0
"chr7_41400335_A_T" 0 0 9 0 0
"chr7_41444256_C_T" 0 5 0 0 0
"chr7_44307595_C_G" 0 4 0 0 0
"chr7_46015788_C_T" 0 0 0 10 0
"chr7_4747509_A_G" 0 6 0 0 0
"chr7_47667572_G_T" 0 0 4 0 0
"chr7_47760000_T_G" 0 6 0 0 0
"chr7_47898817_T_A" 0 0 10 0 0
"chr7_48294508_G_A" 0 0 7 0 0
"chr7_48413239_C_T" 0 0 0 8 0
"chr7_48930634_T_C" 0 0 0 5 0
"chr7_49259580_C_T" 0 12 0 0 0
"chr7_49688752_T_G" 0 0 8 0 0
"chr7_51515412_C_T" 0 5 0 0 0
"chr7_52770879_C_T" 0 0 0 0 14
"chr7_53137013_C_A" 0 0 0 4 0
"chr7_53285752_G_T" 0 16 0 0 0
"chr7_53590767_C_T" 0 9 0 0 0
"chr7_53903339_G_T" 0 0 0 6 0
"chr7_54609696_T_C" 0 0 0 9 0
"chr7_56488532_A_T" 0 10 0 0 0
"chr7_57309585_C_T" 0 0 9 0 0
"chr7_57328426_C_T" 0 11 0 0 0
"chr7_57511012_C_A" 0 0 0 0 11
"chr7_57856560_T_C" 0 0 5 0 0
"chr7_57943118_G_A" 0 4 0 0 0
"chr7_58104086_C_G" 0 0 0 9 0
"chr7_63289436_A_G" 0 0 12 0 0
"chr7_63777277_G_A" 0 0 0 5 0
"chr7_65362180_T_G" 0 5 3 0 5
"chr7_66933669_T_A" 0 0 12 0 0
"chr7_68203704_T_C" 0 0 0 4 0
"chr7_68757350_A_G" 0 0 5 0 0
"chr7_69322329_A_T" 0 0 0 12 0
"chr7_69342215_C_T" 0 4 0 0 0
"chr7_69554260_C_T" 0 0 0 6 0
"chr7_69583607_G_A" 0 0 0 9 0
"chr7_69633019_G_A" 0 0 0 8 0
"chr7_70247789_G_C" 0 0 0 0 6
"chr7_70681021_G_A" 0 11 0 0 0
"chr7_70848690_C_T" 0 0 0 7 0
"chr7_71152921_C_T" 0 0 11 0 0
"chr7_71782804_G_A" 0 0 9 0 0
"chr7_73868626_C_T" 0 0 0 0 9
"chr7_77430660_G_A" 0 8 0 0 0
"chr7_78908888_G_A" 0 0 0 12 0
"chr7_79512851_G_A" 0 9 0 0 0
"chr7_79674365_T_C" 0 0 0 6 0
"chr7_82150119_G_A" 0 0 7 0 0
"chr7_83824315_G_A" 0 0 0 10 0
"chr7_84425706_C_T" 0 7 0 0 0
"chr7_86018740_G_A" 0 0 6 0 0
"chr7_86381658_G_A" 0 0 18 0 0
"chr7_86554896_A_G" 0 10 0 0 0
"chr7_86830050_T_C" 0 0 13 0 0
"chr7_89460590_T_C" 0 0 8 0 0
"chr7_8991589_A_G" 0 0 0 0 9
"chr7_91670284_C_G" 0 12 0 0 0
"chr7_92006891_G_T" 0 0 4 0 0
"chr7_92150752_A_G" 0 0 14 0 0
"chr7_93829066_C_T" 0 0 4 0 0
"chr7_9425396_G_A" 0 0 8 0 0
"chr7_94629676_A_C" 0 0 12 0 0
"chr7_95727274_G_T" 0 12 0 0 0
"chr7_96287817_T_C" 0 0 0 9 0
"chr7_96932543_G_T" 0 0 11 0 0
"chr7_97031941_G_A" 0 0 0 4 0
"chr7_97791347_A_G" 0 0 0 12 0
"chr7_97933614_G_A" 0 0 0 12 0
"chr7_99246985_G_A" 0 0 13 0 0
"chr7_99748967_G_A" 0 11 0 0 0
"chr8_10043230_A_T" 0 0 0 9 0
"chr8_101339835_A_C" 0 0 0 0 6
"chr8_102572778_G_T" 0 0 9 0 0
"chr8_103555957_C_T" 0 0 0 8 0
"chr8_103696491_A_G" 0 0 0 0 10
"chr8_103792868_G_A" 0 0 9 0 0
"chr8_103891671_G_T" 0 0 0 5 0
"chr8_103959714_G_A" 0 0 0 8 0
"chr8_103986566_T_C" 0 10 0 0 0
"chr8_104062476_A_G" 0 6 0 0 0
"chr8_106026817_A_T" 0 0 9 0 0
"chr8_106303000_G_A" 0 9 0 0 0
"chr8_106667912_T_G" 0 0 8 0 0
"chr8_106897607_C_A" 0 14 0 0 0
"chr8_10695748_C_T" 0 0 0 0 15
"chr8_107059949_T_C" 0 0 0 10 0
"chr8_107196120_G_A" 0 16 0 0 0
"chr8_107203598_T_C" 0 0 0 10 0
"chr8_107662279_C_T" 0 18 0 0 0
"chr8_112941988_A_C" 0 0 5 0 0
"chr8_113020405_G_T" 0 0 0 0 5
"chr8_113078212_C_T" 0 0 0 0 12
"chr8_113135564_C_A" 0 0 10 0 0
"chr8_113645968_C_G" 0 0 0 8 0
"chr8_113712070_G_A" 0 5 0 0 0
"chr8_114002824_C_A" 0 1 6 0 0
"chr8_114107402_C_T" 0 0 0 7 0
"chr8_114140303_T_A" 0 5 0 0 0
"chr8_114152375_G_C" 0 0 13 0 0
"chr8_114694911_C_A" 0 0 9 0 0
"chr8_114801040_C_A" 0 0 7 0 0
"chr8_114974494_A_G" 0 0 13 0 0
"chr8_115313645_T_A" 0 0 13 0 0
"chr8_115378413_G_T" 0 0 9 0 0
"chr8_115432156_A_G" 0 0 0 16 0
"chr8_115533230_T_C" 0 8 0 0 0
"chr8_116274477_G_A" 0 5 0 0 0
"chr8_116709011_T_A" 0 4 0 0 0
"chr8_119375898_A_G" 0 0 0 9 0
"chr8_120452667_G_A" 0 9 0 0 0
"chr8_121506462_C_T" 0 0 4 0 0
"chr8_122468859_G_A" 0 0 0 9 0
"chr8_12562394_G_A" 0 0 0 8 0
"chr8_126317833_C_T" 0 0 0 5 0
"chr8_127020722_G_A" 0 0 0 0 13
"chr8_130299880_A_C" 0 0 0 0 10
"chr8_130708620_C_T" 0 0 5 0 0
"chr8_131278219_G_A" 0 4 0 0 0
"chr8_131660793_A_G" 0 8 0 0 0
"chr8_132366218_C_T" 1 0 0 0 9
"chr8_13458228_G_A" 0 0 8 0 0
"chr8_135869478_C_T" 0 0 13 0 0
"chr8_13654775_C_G" 0 0 5 0 0
"chr8_136600652_G_A" 0 1 8 0 0
"chr8_136745018_C_T" 0 0 4 0 0
"chr8_136938664_T_A" 0 0 12 0 0
"chr8_137271159_G_A" 0 0 0 13 0
"chr8_137395456_T_A" 0 5 0 0 0
"chr8_137813337_C_T" 0 21 0 0 0
"chr8_137879499_A_C" 0 0 0 0 9
"chr8_13855778_C_T" 0 0 0 0 14
"chr8_138599242_C_T" 0 0 9 0 0
"chr8_139322113_G_A" 0 5 0 0 0
"chr8_139497140_C_A" 0 14 0 0 0
"chr8_13987790_C_A" 0 12 0 0 0
"chr8_141720392_G_A" 0 0 0 10 0
"chr8_142594754_G_A" 0 15 0 0 0
"chr8_142842255_G_A" 0 0 11 0 0
"chr8_143182950_C_T" 0 0 0 0 12
"chr8_14982302_G_A" 0 0 0 0 10
"chr8_15216376_C_T" 0 7 0 0 0
"chr8_15729333_C_T" 0 0 10 0 0
"chr8_16413458_A_T" 0 0 0 0 6
"chr8_16418611_C_T" 0 9 0 0 0
"chr8_20690198_G_C" 0 0 0 11 0
"chr8_21564301_C_A" 0 15 0 0 0
"chr8_22281919_G_A" 0 0 6 0 0
"chr8_23032996_C_T" 0 0 0 16 0
"chr8_23935394_A_G" 0 0 0 0 10
"chr8_24331086_C_T" 0 0 0 10 0
"chr8_24354595_T_C" 0 0 0 0 4
"chr8_25003889_A_T" 0 0 0 7 0
"chr8_25520089_C_T" 0 0 0 0 6
"chr8_26733806_G_A" 0 0 15 0 0
"chr8_26772635_C_T" 0 16 0 0 0
"chr8_2901033_G_A" 0 0 0 6 0
"chr8_29569997_T_A" 0 13 0 0 0
"chr8_29577174_C_T" 0 6 0 0 0
"chr8_29673234_G_C" 0 0 0 0 8
"chr8_29956971_G_A" 0 0 6 0 0
"chr8_31369707_T_G" 0 0 0 10 0
"chr8_3148567_G_T" 0 0 13 0 0
"chr8_31523979_G_A" 0 0 0 0 8
"chr8_31853654_T_C" 0 0 0 0 8
"chr8_32110638_A_T" 0 0 0 4 0
"chr8_3255262_G_A" 0 0 0 7 0
"chr8_33046174_G_T" 0 0 9 0 0
"chr8_3331107_G_T" 0 0 0 0 9
"chr8_33746299_C_A" 0 0 0 5 0
"chr8_34870625_G_A" 0 0 6 0 1
"chr8_36243832_C_T" 0 1 6 0 0
"chr8_36982120_A_T" 0 0 0 4 0
"chr8_37379246_G_A" 0 8 0 0 0
"chr8_37721367_G_T" 0 0 0 0 11
"chr8_39115502_C_A" 0 5 0 0 0
"chr8_41458362_C_T" 0 11 0 0 0
"chr8_41573569_C_T" 0 0 0 0 4
"chr8_43539922_C_A" 0 0 6 0 0
"chr8_46595790_C_T" 0 0 15 0 0
"chr8_46897046_C_A" 0 13 0 0 0
"chr8_47075682_G_T" 0 0 0 7 0
"chr8_4789466_C_T" 0 0 0 0 5
"chr8_49864972_T_C" 0 0 0 6 0
"chr8_50149253_G_A" 0 0 0 9 0
"chr8_50205640_C_T" 0 0 13 0 0
"chr8_50344822_C_A" 0 0 0 0 14
"chr8_50769193_C_T" 0 0 0 0 10
"chr8_50841534_C_T" 0 8 0 0 0
"chr8_5089239_A_C" 0 0 10 0 0
"chr8_5089260_G_A" 0 0 10 0 0
"chr8_51049014_G_A" 0 9 0 0 0
"chr8_51187265_C_A" 0 8 0 0 0
"chr8_5170604_A_T" 0 0 0 4 0
"chr8_51805116_A_G" 0 0 9 0 0
"chr8_54941704_G_A" 0 0 0 0 17
"chr8_55136134_C_T" 0 0 0 7 0
"chr8_55512977_C_A" 0 0 0 0 15
"chr8_56233191_T_A" 0 0 10 0 0
"chr8_57934863_G_A" 0 0 11 0 0
"chr8_58713234_T_C" 0 0 0 0 7
"chr8_59196276_C_A" 0 8 0 0 0
"chr8_59554019_C_T" 0 0 0 10 0
"chr8_60249148_C_A" 0 0 13 0 0
"chr8_61468881_C_A" 0 0 0 4 0
"chr8_63284604_C_A" 0 7 0 0 0
"chr8_63409398_A_T" 0 0 9 0 0
"chr8_63636126_G_T" 0 0 7 0 0
"chr8_63686484_G_A" 0 0 13 0 0
"chr8_63707685_C_T" 0 0 0 10 0
"chr8_64301648_G_A" 0 12 0 0 0
"chr8_64362657_G_T" 0 11 0 0 0
"chr8_64773058_C_A" 0 0 0 9 0
"chr8_66005116_T_A" 0 0 0 0 14
"chr8_66186200_G_A" 0 0 0 8 0
"chr8_66593871_C_T" 0 10 0 0 0
"chr8_66880468_A_G" 0 0 0 9 0
"chr8_68232897_C_T" 0 0 0 5 0
"chr8_68895351_C_G" 0 0 0 13 0
"chr8_7051470_A_G" 4 0 0 0 0
"chr8_71292119_G_A" 0 0 10 0 0
"chr8_7165098_G_T" 0 0 0 11 0
"chr8_72433972_C_T" 0 9 0 0 0
"chr8_74700276_A_T" 0 6 0 0 0
"chr8_74802140_A_T" 0 0 13 0 0
"chr8_76005291_T_C" 0 6 0 0 0
"chr8_76516864_G_A" 0 12 0 0 0
"chr8_77122946_C_A" 0 0 0 4 0
"chr8_77903746_C_A" 0 0 0 0 4
"chr8_78930316_A_G" 0 0 0 8 0
"chr8_79646397_A_C" 0 4 0 0 0
"chr8_79999874_A_T" 0 0 4 0 0
"chr8_81339824_C_A" 0 0 0 0 7
"chr8_81550014_G_A" 0 0 12 1 0
"chr8_82318029_G_T" 0 0 0 0 14
"chr8_82490661_G_T" 0 0 0 16 0
"chr8_83573245_G_A" 0 5 0 0 0
"chr8_84416987_C_A" 0 0 0 5 0
"chr8_84563103_C_T" 0 0 0 10 0
"chr8_86163282_T_A" 0 0 0 7 0
"chr8_87029976_A_T" 0 0 0 0 11
"chr8_87138805_G_A" 0 0 0 12 0
"chr8_87430667_A_C" 0 0 10 0 0
"chr8_88027892_C_T" 0 0 10 0 0
"chr8_88588954_C_T" 0 16 0 0 0
"chr8_88860351_C_T" 0 0 11 0 0
"chr8_9133731_C_T" 0 0 6 0 0
"chr8_91416112_C_A" 0 6 0 0 0
"chr8_92237000_T_C" 0 0 8 0 0
"chr8_92636925_C_T" 0 9 0 0 0
"chr8_93137241_C_T" 0 11 0 0 0
"chr8_93856568_G_A" 0 0 0 6 0
"chr8_95913773_C_A" 0 5 0 0 0
"chr9_100761232_A_T" 0 0 6 0 0
"chr9_102164257_G_T" 0 0 0 5 0
"chr9_102288140_G_C" 0 0 10 0 0
"chr9_102795285_C_T" 0 12 0 0 0
"chr9_102855517_A_C" 0 0 8 0 0
"chr9_103086466_T_A" 0 0 12 0 0
"chr9_103086467_T_A" 0 0 12 0 0
"chr9_103191027_G_A" 0 0 0 4 0
"chr9_106160412_G_T" 0 8 0 0 5
"chr9_107463268_C_A" 0 0 0 6 0
"chr9_107766011_G_T" 0 0 0 4 0
"chr9_109240712_A_C" 0 0 0 5 0
"chr9_10954075_A_G" 0 0 16 0 0
"chr9_112979185_G_T" 0 0 10 0 0
"chr9_113202936_T_A" 0 8 0 0 0
"chr9_113480943_G_A" 0 0 0 11 0
"chr9_113725372_G_T" 0 0 0 4 0
"chr9_114082798_G_A" 0 0 0 0 6
"chr9_11432141_C_T" 0 10 0 0 0
"chr9_115311958_T_C" 0 0 20 0 0
"chr9_11712082_C_A" 0 0 7 0 0
"chr9_118227810_C_A" 0 0 0 12 0
"chr9_119176240_C_T" 0 0 0 4 0
"chr9_119356633_C_G" 0 0 0 11 0
"chr9_119522859_T_A" 0 11 0 0 0
"chr9_119559285_G_A" 0 0 1 8 0
"chr9_123203556_T_G" 0 0 14 0 0
"chr9_123259472_C_T" 0 0 13 0 0
"chr9_12353812_T_C" 0 0 0 0 5
"chr9_12372213_C_T" 0 0 0 8 0
"chr9_124790632_G_A" 0 0 10 0 0
"chr9_125192893_T_A" 0 10 0 0 0
"chr9_12608242_G_A" 0 0 0 6 0
"chr9_126726332_G_A" 0 0 0 0 8
"chr9_127796534_C_T" 0 0 5 0 0
"chr9_128793956_G_T" 0 0 6 0 0
"chr9_135053314_C_T" 1 7 0 0 0
"chr9_135293338_G_A" 0 0 0 8 0
"chr9_135423227_G_T" 0 11 0 0 9
"chr9_135476602_C_A" 0 0 4 0 0
"chr9_13550434_A_G" 0 5 0 0 0
"chr9_135966804_C_T" 0 0 0 4 0
"chr9_1820441_C_T" 0 8 0 0 0
"chr9_19198400_C_A" 0 0 0 5 0
"chr9_19497234_C_T" 0 12 0 0 0
"chr9_19710368_G_A" 0 0 8 0 0
"chr9_20181928_C_A" 0 0 0 0 9
"chr9_21777186_G_T" 0 7 0 0 0
"chr9_21844708_T_C" 0 0 10 0 0
"chr9_23323995_T_A" 0 0 0 5 0
"chr9_23816206_A_T" 0 0 0 5 0
"chr9_23869803_A_G" 0 0 4 0 0
"chr9_24260254_T_A" 0 0 0 0 10
"chr9_24273719_G_A" 0 0 11 0 0
"chr9_25495528_G_A" 0 9 0 0 0
"chr9_26236092_G_A" 0 0 8 0 0
"chr9_26727001_A_C" 0 0 0 8 0
"chr9_26740803_C_A" 0 4 0 0 0
"chr9_27943629_A_T" 4 0 0 0 0
"chr9_2934331_C_T" 0 0 0 10 0
"chr9_29810973_T_C" 0 0 13 0 0
"chr9_30142569_T_C" 0 0 0 12 0
"chr9_30213358_T_G" 0 10 0 0 0
"chr9_3024243_C_T" 0 0 0 0 11
"chr9_31952765_C_T" 0 0 8 0 0
"chr9_32193522_C_T" 0 0 0 5 0
"chr9_32694281_C_A" 0 0 0 4 0
"chr9_33192212_C_A" 0 0 0 4 0
"chr9_33306153_C_T" 0 0 0 0 8
"chr9_34176206_G_T" 0 4 0 0 0
"chr9_35532871_T_C" 0 0 5 0 0
"chr9_37769390_A_T" 0 0 0 0 4
"chr9_38220364_T_A" 0 0 12 0 0
"chr9_38989432_T_C" 5 1 0 1 0
"chr9_40039240_C_T" 0 8 0 0 0
"chr9_41062511_T_C" 0 0 0 7 0
"chr9_42754998_C_T" 0 10 0 0 0
"chr9_43148042_T_A" 0 0 0 0 16
"chr9_64049232_C_G" 0 0 0 7 0
"chr9_65397525_G_A" 0 17 0 0 0
"chr9_69611342_C_T" 0 0 0 4 0
"chr9_72033531_A_C" 0 5 0 0 0
"chr9_73715775_C_T" 0 0 6 0 0
"chr9_73870655_A_T" 0 0 7 0 0
"chr9_74040045_G_T" 0 0 8 0 0
"chr9_74102600_C_T" 0 0 7 0 0
"chr9_74303495_G_A" 0 6 0 0 0
"chr9_74322557_C_T" 0 0 0 0 14
"chr9_74618668_G_A" 0 9 0 0 0
"chr9_74678890_G_A" 0 7 0 0 0
"chr9_75372995_G_T" 0 0 0 0 8
"chr9_75462063_G_A" 0 16 0 0 0
"chr9_75869376_T_C" 0 0 0 9 0
"chr9_76547367_A_G" 0 0 9 0 0
"chr9_76617970_T_C" 0 0 11 0 0
"chr9_76671483_G_C" 0 0 8 0 0
"chr9_77100902_G_A" 0 8 0 0 0
"chr9_78659596_T_C" 0 0 0 0 7
"chr9_78990469_C_G" 0 0 0 10 0
"chr9_79840968_T_C" 0 0 14 0 0
"chr9_79897272_G_T" 0 4 0 0 0
"chr9_81026819_G_T" 0 0 4 0 0
"chr9_81081940_C_T" 0 5 0 0 0
"chr9_81190968_A_T" 0 0 8 0 0
"chr9_81212948_A_C" 0 0 7 0 0
"chr9_81265836_C_T" 0 0 6 0 0
"chr9_81358764_G_T" 0 0 0 6 0
"chr9_82229916_A_G" 0 0 0 0 10
"chr9_85291750_T_C" 0 10 0 0 0
"chr9_87011595_C_T" 0 0 7 0 0
"chr9_88482268_G_A" 0 4 0 0 0
"chr9_89297056_A_C" 0 0 7 0 0
"chr9_89720851_G_A" 0 0 0 0 17
"chr9_89798498_G_A" 0 0 0 0 5
"chr9_90615727_C_A" 0 12 0 0 0
"chr9_91325285_G_C" 0 0 0 0 8
"chr9_9182370_T_C" 0 0 0 7 0
"chr9_92455124_C_T" 0 0 0 6 0
"chr9_95178713_G_A" 0 0 0 0 6
"chr9_96134438_C_T" 0 0 0 0 4
"chr9_97459318_T_A" 0 0 13 0 0
"chr9_98524372_G_A" 0 7 0 0 0
"chr9_98692629_G_A" 0 6 1 0 0
"chr9_9869399_T_A" 0 0 0 8 0
"chr9_99010815_C_T" 0 0 0 4 0
"chrX_1002491_G_A" 0 0 13 0 0
"chrX_101847065_A_G" 0 0 12 0 0
"chrX_102248579_C_A" 0 5 0 0 0
"chrX_105175356_C_T" 0 0 0 7 0
"chrX_107931280_C_T" 0 0 0 0 4
"chrX_109176603_G_T" 0 0 0 5 0
"chrX_109590790_A_T" 0 0 9 0 0
"chrX_112335681_C_T" 0 7 0 0 0
"chrX_11537254_C_T" 0 9 0 0 0
"chrX_11590770_C_A" 0 0 0 4 0
"chrX_117364631_T_A" 0 0 0 4 0
"chrX_117727746_C_T" 0 0 9 0 0
"chrX_118547286_G_A" 0 0 5 0 0
"chrX_124955235_T_A" 0 0 0 13 0
"chrX_126961973_T_A" 0 0 0 0 12
"chrX_127182584_T_C" 0 0 0 7 0
"chrX_132025227_G_A" 0 0 0 0 11
"chrX_132427106_C_A" 0 0 0 0 7
"chrX_135386758_C_T" 0 0 0 0 7
"chrX_137666343_G_C" 0 0 0 4 0
"chrX_138354599_C_A" 0 0 11 0 0
"chrX_138991333_C_T" 0 0 0 0 9
"chrX_139116009_C_T" 0 0 0 11 0
"chrX_139500132_C_T" 0 0 7 0 0
"chrX_140836847_C_T" 0 0 0 0 5
"chrX_141126196_C_T" 0 0 4 0 0
"chrX_142442705_G_T" 0 0 0 7 0
"chrX_144294179_C_G" 0 0 0 6 0
"chrX_144323161_C_A" 0 5 0 0 0
"chrX_146393138_T_A" 0 10 0 0 0
"chrX_146442899_C_T" 0 8 0 0 0
"chrX_147574969_G_A" 0 0 10 0 0
"chrX_147761199_C_T" 0 0 0 0 8
"chrX_148924518_T_A" 0 0 0 0 7
"chrX_152273111_G_A" 0 0 0 0 9
"chrX_152651895_C_T" 0 0 8 0 0
"chrX_17664341_A_G" 0 0 6 0 0
"chrX_18952650_G_T" 0 0 4 0 0
"chrX_22442858_C_A" 0 0 0 9 0
"chrX_24571151_G_T" 0 0 8 0 0
"chrX_25967338_T_C" 0 10 0 0 0
"chrX_26270494_A_T" 0 0 10 0 0
"chrX_26424748_T_G" 0 0 15 0 0
"chrX_26470880_G_A" 0 13 0 0 0
"chrX_2773439_G_T" 0 0 0 4 0
"chrX_27836035_G_A" 0 5 0 0 0
"chrX_28027140_G_A" 0 0 0 0 9
"chrX_29089009_C_A" 0 0 0 5 0
"chrX_31350539_G_T" 0 0 0 6 0
"chrX_3148598_G_A" 0 8 0 0 0
"chrX_33076053_C_T" 0 0 0 8 0
"chrX_3362245_G_A" 0 11 0 0 0
"chrX_33693203_C_T" 0 9 0 0 0
"chrX_34130840_G_A" 0 0 0 11 0
"chrX_34374053_C_T" 0 0 0 6 0
"chrX_34660978_T_C" 0 10 0 0 0
"chrX_35042915_T_A" 0 17 0 0 0
"chrX_38606600_T_C" 0 10 0 0 0
"chrX_40113810_T_C" 0 0 9 0 0
"chrX_41781452_T_C" 0 0 0 0 8
"chrX_41810192_C_G" 0 0 12 0 0
"chrX_4391589_A_T" 0 0 0 0 4
"chrX_44252983_G_A" 0 0 4 0 0
"chrX_46438208_C_T" 0 0 0 0 5
"chrX_48536304_G_A" 0 0 0 0 10
"chrX_51581367_G_T" 0 0 0 0 9
"chrX_51581369_A_G" 0 0 0 0 10
"chrX_51699168_T_C" 0 5 0 0 0
"chrX_5231304_G_A" 0 0 0 6 0
"chrX_531580_C_T" 0 0 11 0 0
"chrX_5594757_G_A" 0 0 0 11 0
"chrX_5624635_G_A" 0 0 10 0 0
"chrX_6167325_C_A" 0 4 0 0 0
"chrX_64022328_G_C" 0 11 0 0 0
"chrX_66180026_C_A" 0 0 13 0 0
"chrX_67375388_C_A" 0 0 0 6 0
"chrX_67375389_C_T" 0 0 0 6 0
"chrX_68671025_G_A" 0 0 0 0 14
"chrX_73553914_A_T" 0 0 0 13 0
"chrX_73928446_T_G" 0 0 0 7 0
"chrX_79548772_G_A" 0 4 0 0 0
"chrX_81594844_T_C" 0 0 14 0 0
"chrX_81954087_C_T" 0 0 0 0 8
"chrX_82387640_G_T" 0 0 0 5 0
"chrX_82989090_G_C" 0 0 18 0 0
"chrX_83693856_A_G" 0 0 0 5 0
"chrX_85631953_C_T" 0 11 0 0 0
"chrX_86403995_A_T" 0 0 0 0 4
"chrX_86579162_G_A" 0 0 8 0 0
"chrX_86858458_A_T" 0 0 12 0 0
"chrX_87189142_G_T" 0 0 0 0 8
"chrX_88421471_C_A" 0 0 0 4 0
"chrX_88852079_A_C" 0 0 6 0 0
"chrX_90254559_C_T" 0 0 11 0 0
"chrX_90672676_A_G" 0 0 0 5 0
"chrX_90692047_C_T" 0 0 5 0 0
"chrX_90719690_T_A" 0 8 0 0 1
"chrX_92423912_G_T" 0 4 0 0 0
"chrX_94705674_A_G" 0 0 0 6 0
"chrX_95546047_A_T" 0 8 0 0 0
"chrX_9621840_A_T" 0 0 15 0 0
"chrX_98237253_T_G" 0 0 0 6 0
"chrX_99287097_T_G" 0 0 0 12 0
"chrY_11830515_G_T" 0 0 7 0 0
"chrY_15091610_G_A" 0 10 0 0 0
"chrY_15857986_G_T" 0 8 0 0 0
"chrY_15930701_G_A" 0 0 0 11 0
"chrY_16579030_C_A" 0 0 0 7 0
"chrY_16701662_G_T" 0 0 0 5 0
"chrY_17052257_T_A" 0 14 0 0 0
"chrY_17191002_C_T" 0 0 5 0 0
"chrY_23987120_G_C" 10 2 4 6 3
"chrY_2852523_A_G" 0 0 0 5 0
"chrY_7395677_T_A" 0 0 11 0 0
"chrY_8486512_C_T" 0 0 0 13 0
