"PD42791c_lo0006" "PD42791c_lo0012" "PD42791d_lo0015"
"chr1_100272522_T_A" 18 29 17
"chr1_101283941_G_T" 21 36 21
"chr1_101565270_C_T" 21 35 19
"chr1_102231721_C_T" 16 31 12
"chr1_102287655_C_G" 30 41 18
"chr1_102291617_T_C" 22 48 14
"chr1_102853887_C_T" 28 30 13
"chr1_102930437_G_A" 22 27 13
"chr1_103236864_C_G" 23 31 16
"chr1_103374930_A_G" 22 30 14
"chr1_103794563_C_A" 19 23 21
"chr1_103885843_T_A" 21 35 20
"chr1_104162463_T_A" 22 29 23
"chr1_104650787_G_A" 18 34 19
"chr1_105064433_G_T" 18 39 23
"chr1_10616509_A_G" 19 28 26
"chr1_106507377_T_A" 22 28 21
"chr1_107983520_C_T" 20 36 17
"chr1_110400464_G_A" 17 20 22
"chr1_110794572_C_T" 13 31 18
"chr1_111033435_C_A" 22 45 23
"chr1_112817760_A_G" 15 36 22
"chr1_114037586_C_T" 19 32 15
"chr1_114821135_G_T" 16 30 11
"chr1_114907953_A_T" 17 31 21
"chr1_12380605_G_C" 24 36 21
"chr1_12836043_C_G" 16 28 14
"chr1_146658593_T_C" 13 29 14
"chr1_147082259_G_A" 19 38 17
"chr1_148983653_A_G" 25 25 18
"chr1_149024405_A_T" 12 23 9
"chr1_152226753_C_T" 20 38 17
"chr1_152724410_C_T" 20 19 18
"chr1_153590729_C_A" 22 47 21
"chr1_15421150_T_C" 22 24 20
"chr1_15698430_C_A" 13 22 23
"chr1_157220835_A_G" 17 24 19
"chr1_157409715_C_T" 14 26 18
"chr1_158128933_G_A" 14 30 18
"chr1_160787733_C_T" 17 33 19
"chr1_161237044_G_A" 18 30 22
"chr1_161716424_G_C" 22 28 22
"chr1_162652427_C_A" 22 44 19
"chr1_163811741_A_G" 21 45 22
"chr1_164416848_G_T" 17 28 26
"chr1_165877049_A_G" 17 35 24
"chr1_166502738_G_C" 15 37 11
"chr1_166657026_A_G" 24 35 17
"chr1_167771019_T_A" 25 13 18
"chr1_173815373_G_C" 16 38 14
"chr1_175043884_G_A" 26 30 17
"chr1_175157144_C_G" 19 33 15
"chr1_175425409_G_A" 15 29 13
"chr1_176882255_C_A" 18 21 14
"chr1_177711579_T_G" 28 23 16
"chr1_179988107_G_T" 18 30 19
"chr1_181453834_T_C" 18 37 22
"chr1_18356745_G_A" 19 41 17
"chr1_1838622_T_C" 20 35 13
"chr1_185065696_G_C" 22 45 20
"chr1_186188285_C_T" 16 29 24
"chr1_187358839_T_C" 21 28 16
"chr1_187376858_C_T" 20 40 20
"chr1_188078919_T_A" 14 30 19
"chr1_188801712_G_T" 20 25 29
"chr1_189319057_A_C" 20 33 20
"chr1_190184143_C_A" 24 36 19
"chr1_190914181_G_T" 22 34 33
"chr1_191280424_T_C" 17 38 16
"chr1_19141941_T_A" 27 41 21
"chr1_191909726_T_A" 17 29 12
"chr1_193175793_T_C" 21 26 14
"chr1_194106387_C_A" 17 44 24
"chr1_194491406_T_A" 24 39 14
"chr1_194849235_C_A" 27 37 16
"chr1_195216325_T_G" 24 43 7
"chr1_195448510_C_T" 20 34 18
"chr1_195536065_T_G" 23 39 15
"chr1_195605807_T_C" 24 31 20
"chr1_195964129_C_A" 27 33 18
"chr1_197089608_C_T" 18 33 16
"chr1_197775213_G_A" 18 30 22
"chr1_198457591_T_A" 21 31 19
"chr1_199276600_C_A" 19 30 22
"chr1_19988510_C_A" 21 43 27
"chr1_200190567_G_A" 15 22 14
"chr1_20025540_G_A" 16 27 11
"chr1_2014504_C_T" 17 43 21
"chr1_2017561_G_A" 18 34 21
"chr1_202378884_T_C" 20 27 19
"chr1_205336486_C_T" 24 30 12
"chr1_206684488_G_C" 17 21 14
"chr1_209180930_T_A" 24 28 28
"chr1_209196154_G_A" 21 40 20
"chr1_209508320_T_A" 20 28 13
"chr1_209962236_G_A" 18 27 22
"chr1_210018931_A_G" 31 23 13
"chr1_212010303_C_T" 18 28 21
"chr1_212076334_A_G" 19 37 24
"chr1_213546089_C_A" 21 34 11
"chr1_214067709_G_A" 20 16 14
"chr1_215790531_C_T" 22 40 15
"chr1_219596559_C_G" 15 36 15
"chr1_219700261_G_A" 22 38 20
"chr1_219867654_C_T" 18 40 22
"chr1_220575369_T_C" 17 34 22
"chr1_221682972_T_A" 13 35 29
"chr1_223948665_C_A" 19 36 28
"chr1_224796652_A_T" 16 28 19
"chr1_225219078_G_A" 19 32 20
"chr1_229223535_G_A" 26 24 18
"chr1_231128025_G_A" 16 31 14
"chr1_231246273_G_C" 17 37 19
"chr1_231375032_C_G" 22 43 19
"chr1_23178597_C_A" 20 31 11
"chr1_232284923_G_A" 26 30 15
"chr1_233048329_C_A" 14 42 21
"chr1_236982169_A_G" 29 30 14
"chr1_237407616_T_G" 7 32 10
"chr1_237505035_C_T" 7 27 20
"chr1_237942495_G_C" 18 34 21
"chr1_242183711_C_T" 25 32 17
"chr1_242930575_G_A" 13 43 12
"chr1_24325797_C_T" 12 27 15
"chr1_243440508_A_G" 17 23 11
"chr1_24959442_C_T" 17 29 21
"chr1_26420919_G_T" 20 40 16
"chr1_26807155_T_A" 19 26 24
"chr1_27594212_G_A" 12 27 16
"chr1_28898104_C_T" 18 32 23
"chr1_29653597_T_A" 22 26 10
"chr1_29730360_C_A" 25 36 15
"chr1_29850764_A_C" 16 33 7
"chr1_30813481_C_T" 21 28 22
"chr1_31393518_G_A" 21 24 13
"chr1_31849073_A_T" 21 29 21
"chr1_33286371_A_G" 13 33 20
"chr1_34208969_C_T" 18 37 14
"chr1_34537338_A_T" 17 30 21
"chr1_35039365_A_C" 26 29 21
"chr1_3583930_A_G" 18 31 23
"chr1_3590856_C_A" 18 29 20
"chr1_36778147_G_A" 12 34 13
"chr1_37670080_C_T" 18 31 22
"chr1_37914036_T_C" 12 24 13
"chr1_38865877_G_T" 21 37 24
"chr1_44569218_G_A" 20 31 16
"chr1_48020421_C_T" 19 38 19
"chr1_49114546_A_G" 22 22 17
"chr1_50940810_A_T" 20 35 29
"chr1_51045951_C_T" 16 26 14
"chr1_51677097_G_T" 26 41 25
"chr1_53714466_A_G" 23 42 11
"chr1_54023001_G_T" 30 42 24
"chr1_55368337_G_T" 17 40 30
"chr1_56987364_C_T" 19 35 25
"chr1_59412063_C_T" 18 26 14
"chr1_60916376_G_A" 12 28 10
"chr1_61601629_T_C" 18 30 14
"chr1_63676993_A_G" 17 38 14
"chr1_64183266_A_C" 11 47 17
"chr1_6508956_G_A" 14 38 14
"chr1_67948791_A_G" 17 34 18
"chr1_68311841_T_C" 19 28 26
"chr1_68685017_G_T" 12 34 20
"chr1_69057234_C_T" 15 30 14
"chr1_69327841_A_G" 17 42 13
"chr1_69930499_A_T" 33 41 21
"chr1_69951328_A_G" 31 47 18
"chr1_69972632_G_A" 25 33 25
"chr1_7118696_C_T" 18 21 26
"chr1_71728185_A_G" 18 35 18
"chr1_72113446_T_A" 20 27 18
"chr1_72708222_G_T" 22 48 16
"chr1_7425678_C_T" 27 16 26
"chr1_74543950_C_T" 23 31 27
"chr1_7807498_G_A" 17 25 22
"chr1_78515933_G_A" 21 31 12
"chr1_79134554_C_T" 18 31 16
"chr1_79320550_G_A" 21 25 17
"chr1_81065488_C_T" 20 22 16
"chr1_81153709_T_G" 25 40 16
"chr1_82155598_C_T" 15 42 16
"chr1_82588997_T_C" 22 41 12
"chr1_83944890_A_G" 20 33 18
"chr1_8423535_G_A" 15 23 13
"chr1_84678913_G_A" 22 28 19
"chr1_84819415_C_T" 18 37 13
"chr1_85427101_C_A" 21 27 23
"chr1_85800308_T_G" 23 40 14
"chr1_87434960_C_T" 13 32 17
"chr1_88670453_T_C" 16 30 26
"chr1_88727677_C_T" 30 35 15
"chr1_91547648_T_C" 19 21 13
"chr1_95892687_C_T" 30 43 15
"chr1_96055739_G_A" 15 29 8
"chr1_97726995_C_G" 19 26 17
"chr1_97730781_A_C" 14 26 29
"chr1_98206710_T_C" 19 23 10
"chr1_98833679_T_A" 17 31 17
"chr1_99220093_G_A" 14 34 22
"chr1_99460912_T_A" 21 38 13
"chr1_99554314_T_C" 20 41 25
"chr1_99790749_G_T" 21 29 13
"chr10_100837133_T_A" 14 42 23
"chr10_102096752_C_T" 17 31 16
"chr10_102889779_A_T" 13 21 17
"chr10_10328885_A_G" 21 28 13
"chr10_104185990_C_T" 23 37 19
"chr10_104853532_A_T" 17 31 22
"chr10_106267597_C_T" 31 41 16
"chr10_106337105_C_T" 25 30 19
"chr10_106592249_C_T" 15 43 20
"chr10_106690170_C_T" 26 32 25
"chr10_107240124_C_A" 22 40 18
"chr10_107244181_T_A" 29 27 18
"chr10_110372718_G_A" 18 26 26
"chr10_11135597_G_A" 18 29 15
"chr10_111785702_G_A" 20 43 25
"chr10_111990092_T_C" 17 28 23
"chr10_113024734_C_G" 26 21 28
"chr10_115764008_C_T" 18 40 14
"chr10_116102357_C_T" 24 40 21
"chr10_117922306_T_C" 16 28 17
"chr10_120041676_A_G" 23 30 16
"chr10_122810890_G_A" 16 39 22
"chr10_123610365_G_T" 14 32 17
"chr10_123837150_C_T" 25 27 12
"chr10_124309244_G_A" 25 32 21
"chr10_124914524_G_A" 13 26 20
"chr10_126231034_T_C" 19 37 18
"chr10_128405672_G_A" 29 26 17
"chr10_13409544_A_G" 16 29 20
"chr10_14907997_G_T" 22 41 27
"chr10_15667072_G_A" 22 35 17
"chr10_17552267_G_A" 20 28 18
"chr10_18184427_A_T" 18 42 23
"chr10_18424706_A_G" 20 26 15
"chr10_18540179_C_G" 14 24 20
"chr10_18926300_G_T" 27 34 17
"chr10_19379902_C_A" 20 45 29
"chr10_2004550_G_A" 22 40 25
"chr10_20171310_A_G" 19 34 16
"chr10_20627221_A_C" 18 22 11
"chr10_22260638_C_A" 24 25 26
"chr10_22499011_C_G" 20 45 19
"chr10_24431165_G_T" 20 36 26
"chr10_27279373_C_G" 29 26 15
"chr10_27556215_C_A" 17 34 22
"chr10_27798536_G_A" 17 32 14
"chr10_27991652_G_A" 21 35 18
"chr10_28345990_C_A" 25 38 23
"chr10_2852746_T_C" 31 34 23
"chr10_28567914_C_T" 10 38 11
"chr10_28913561_C_T" 19 27 16
"chr10_29294292_C_T" 13 39 21
"chr10_30948933_C_G" 17 32 10
"chr10_31251114_A_G" 18 27 10
"chr10_3447436_C_A" 20 29 23
"chr10_35216807_T_C" 17 32 25
"chr10_35545033_A_G" 20 32 20
"chr10_35615155_T_C" 16 43 27
"chr10_35853045_C_A" 9 14 17
"chr10_36846584_T_C" 12 32 16
"chr10_36846585_C_A" 11 32 16
"chr10_36977121_C_T" 9 30 11
"chr10_37430543_G_A" 28 36 14
"chr10_37616681_C_T" 23 27 13
"chr10_37675907_G_T" 15 48 32
"chr10_38230831_G_A" 15 33 16
"chr10_38259024_G_T" 13 39 8
"chr10_38522673_C_T" 12 31 10
"chr10_39166304_A_G" 18 47 28
"chr10_44893770_A_C" 21 31 23
"chr10_45271169_G_A" 32 37 20
"chr10_48283703_G_A" 24 32 11
"chr10_48537499_C_T" 22 34 15
"chr10_48548514_C_T" 19 21 25
"chr10_48866666_A_G" 29 20 22
"chr10_48950207_C_G" 22 29 20
"chr10_49304550_C_T" 22 31 16
"chr10_52157849_T_C" 20 41 25
"chr10_52647439_T_A" 13 27 19
"chr10_53451430_G_A" 19 40 14
"chr10_53648704_G_T" 19 31 12
"chr10_5478456_A_T" 16 28 17
"chr10_56322709_G_T" 17 25 14
"chr10_56653726_C_A" 18 33 25
"chr10_5862330_T_C" 20 27 18
"chr10_58713822_C_T" 26 50 22
"chr10_60475981_C_A" 25 24 23
"chr10_61351325_C_G" 11 30 20
"chr10_64073433_C_A" 22 35 31
"chr10_64489983_A_G" 13 29 19
"chr10_65270806_G_A" 28 28 18
"chr10_68056678_G_C" 26 32 22
"chr10_6897948_A_C" 18 39 17
"chr10_69345248_A_G" 22 28 17
"chr10_69410183_G_A" 23 18 18
"chr10_69601277_T_C" 10 50 34
"chr10_7012996_T_A" 13 30 16
"chr10_70915251_C_T" 13 35 28
"chr10_79166117_C_A" 18 23 24
"chr10_79438320_T_A" 15 19 13
"chr10_81448087_C_T" 16 40 21
"chr10_81453669_A_T" 18 26 18
"chr10_81493197_G_T" 20 39 14
"chr10_81890789_G_T" 13 50 12
"chr10_82305169_G_T" 20 26 20
"chr10_83004808_T_A" 26 33 18
"chr10_84061114_T_C" 14 26 16
"chr10_84301074_C_T" 16 33 16
"chr10_84624234_T_A" 20 25 14
"chr10_84680965_C_A" 15 21 25
"chr10_84740892_A_T" 22 33 31
"chr10_84912680_G_A" 26 36 28
"chr10_84967482_A_G" 16 32 16
"chr10_85145787_G_T" 21 25 16
"chr10_85506399_G_T" 16 27 14
"chr10_85789298_C_T" 18 31 16
"chr10_8755632_A_T" 13 36 23
"chr10_88020492_C_G" 18 36 10
"chr10_89230019_A_G" 16 36 18
"chr10_89530381_A_G" 12 35 17
"chr10_89817701_C_T" 19 33 18
"chr10_90334277_C_A" 19 38 20
"chr10_90941704_G_C" 27 30 20
"chr10_9117197_C_T" 28 17 12
"chr10_9379983_T_A" 17 28 15
"chr10_95720942_C_T" 17 31 12
"chr10_9576246_G_A" 16 39 19
"chr10_95927828_T_C" 20 22 13
"chr10_96793568_G_C" 26 35 19
"chr10_9691993_G_A" 20 25 25
"chr10_9696108_T_C" 15 28 20
"chr10_98892706_T_C" 22 45 21
"chr10_98985654_A_T" 17 27 23
"chr10_9915999_A_G" 23 58 15
"chr10_99296787_C_T" 12 39 17
"chr11_100212817_T_A" 23 30 20
"chr11_100491246_C_A" 15 32 11
"chr11_101340583_C_T" 17 40 9
"chr11_105379686_T_A" 23 40 23
"chr11_107448867_T_G" 10 26 18
"chr11_109569794_G_T" 19 38 19
"chr11_109614150_G_T" 11 30 18
"chr11_11195272_C_A" 18 20 12
"chr11_11300121_C_T" 16 52 17
"chr11_114596766_G_T" 19 30 20
"chr11_116954330_A_T" 10 31 15
"chr11_117533204_T_C" 24 36 18
"chr11_122451796_G_A" 21 33 19
"chr11_123941015_C_T" 22 45 15
"chr11_124618716_C_T" 17 33 20
"chr11_126098228_G_A" 30 21 19
"chr11_126155251_C_T" 19 25 15
"chr11_130741870_T_C" 9 46 17
"chr11_131737360_G_T" 20 43 13
"chr11_131795583_C_T" 19 24 14
"chr11_132236459_A_T" 20 36 21
"chr11_13310762_C_T" 14 23 23
"chr11_15513231_C_T" 16 52 19
"chr11_16938362_A_T" 23 23 13
"chr11_17259995_G_T" 16 21 23
"chr11_17790992_T_A" 22 47 15
"chr11_19007726_G_A" 27 42 19
"chr11_19335990_C_T" 27 24 13
"chr11_20166183_C_T" 12 30 19
"chr11_20291409_G_A" 24 34 16
"chr11_21018038_C_T" 21 37 21
"chr11_22145180_G_A" 15 33 24
"chr11_23590118_A_T" 17 20 14
"chr11_2392775_G_A" 16 32 28
"chr11_23993655_G_A" 17 41 14
"chr11_24693074_A_G" 25 32 19
"chr11_24824463_G_T" 19 27 26
"chr11_25946308_T_C" 21 33 23
"chr11_26211430_A_G" 22 34 11
"chr11_26951900_C_A" 26 33 10
"chr11_27056927_G_A" 18 30 22
"chr11_27673774_A_C" 16 36 15
"chr11_27749940_G_A" 14 33 20
"chr11_30834789_C_A" 19 35 18
"chr11_31301209_T_C" 25 26 10
"chr11_31878565_C_T" 14 31 21
"chr11_32564398_G_A" 13 30 18
"chr11_32683112_G_A" 18 54 18
"chr11_32720821_G_T" 23 32 25
"chr11_33549962_G_T" 10 27 14
"chr11_37639241_C_T" 19 29 19
"chr11_37663127_G_A" 21 29 21
"chr11_37929796_C_A" 19 35 16
"chr11_38226958_T_C" 21 29 13
"chr11_39398169_G_A" 19 15 18
"chr11_39523323_A_C" 19 25 19
"chr11_40324468_G_A" 16 36 22
"chr11_42585909_C_T" 24 43 20
"chr11_42660553_C_A" 25 30 25
"chr11_42937337_G_A" 20 30 28
"chr11_43163871_G_A" 26 35 16
"chr11_43197286_G_T" 12 35 18
"chr11_43728914_A_G" 13 30 17
"chr11_45363284_C_T" 22 26 16
"chr11_45726944_T_C" 26 22 18
"chr11_47575778_C_A" 17 24 24
"chr11_48232516_T_A" 21 37 17
"chr11_48484834_C_T" 19 35 28
"chr11_49054604_G_C" 21 35 21
"chr11_50215068_G_T" 17 37 19
"chr11_50241643_G_T" 19 38 21
"chr11_50332780_C_A" 24 48 19
"chr11_50634284_G_A" 11 28 24
"chr11_5115704_A_G" 20 36 24
"chr11_54591579_A_G" 26 39 13
"chr11_54741519_T_A" 18 34 14
"chr11_55517603_C_T" 18 34 22
"chr11_55768528_C_A" 20 39 13
"chr11_56261089_T_C" 22 36 16
"chr11_56296774_C_T" 13 40 11
"chr11_57027829_T_C" 24 42 11
"chr11_57284565_G_T" 15 34 17
"chr11_57902280_T_C" 27 33 13
"chr11_59382560_T_C" 20 31 13
"chr11_60441880_C_T" 11 35 19
"chr11_62929169_T_G" 10 30 22
"chr11_65592217_A_G" 28 18 24
"chr11_66399368_C_G" 13 33 23
"chr11_67762138_C_T" 21 37 19
"chr11_69446610_C_A" 19 34 24
"chr11_70241384_C_G" 17 23 25
"chr11_70252461_C_T" 15 24 20
"chr11_71819081_T_C" 25 39 25
"chr11_73162375_C_T" 21 31 18
"chr11_75181602_G_A" 16 36 20
"chr11_75302019_C_G" 21 30 14
"chr11_79821573_A_C" 15 34 16
"chr11_80152350_C_T" 23 21 17
"chr11_80399168_C_T" 19 35 25
"chr11_81406919_G_A" 19 42 23
"chr11_8147401_G_T" 25 32 25
"chr11_81731371_C_A" 24 40 20
"chr11_81983638_G_A" 23 39 18
"chr11_82716290_C_T" 19 30 20
"chr11_84096861_G_T" 16 24 26
"chr11_8415605_G_C" 26 29 20
"chr11_84915538_C_T" 17 52 15
"chr11_85378333_G_T" 21 40 15
"chr11_86196026_C_A" 24 36 22
"chr11_88532604_C_T" 23 27 20
"chr11_88816346_C_G" 18 25 24
"chr11_89872527_C_A" 44 91 24
"chr11_93268800_C_T" 22 32 19
"chr11_93627670_A_T" 29 33 20
"chr11_94731271_T_G" 16 38 21
"chr11_96930306_C_T" 24 29 22
"chr11_96954232_T_C" 10 36 29
"chr11_97010211_A_T" 24 40 15
"chr11_97705535_G_T" 18 44 20
"chr11_98819211_C_T" 27 33 20
"chr11_99039261_G_T" 18 32 10
"chr11_99237612_C_T" 19 29 22
"chr11_99653002_T_C" 21 44 18
"chr12_100927523_A_G" 15 35 15
"chr12_105322671_T_C" 14 42 18
"chr12_105666371_G_A" 20 29 24
"chr12_106430350_C_T" 20 23 21
"chr12_110669416_G_A" 14 29 14
"chr12_111309351_G_A" 18 29 10
"chr12_113142166_G_C" 16 29 18
"chr12_113506883_G_A" 15 30 10
"chr12_114011732_C_A" 27 29 19
"chr12_115042032_C_T" 12 32 15
"chr12_115050626_C_T" 16 28 28
"chr12_115415686_T_C" 16 28 15
"chr12_11758445_C_A" 18 26 19
"chr12_11803181_A_G" 11 42 17
"chr12_119560774_G_A" 14 32 16
"chr12_119813234_C_G" 13 35 16
"chr12_12013063_C_T" 23 34 15
"chr12_12597601_C_A" 19 32 17
"chr12_126199486_G_A" 12 41 15
"chr12_126942956_G_A" 24 40 14
"chr12_127299280_T_G" 18 22 13
"chr12_128244854_C_T" 18 29 8
"chr12_129324906_G_A" 22 29 20
"chr12_129788457_A_G" 27 41 20
"chr12_130127110_G_A" 24 26 15
"chr12_130511726_C_T" 18 33 14
"chr12_132411165_G_T" 26 28 30
"chr12_132595472_G_T" 24 29 25
"chr12_1421558_G_A" 19 23 19
"chr12_14675074_G_T" 17 23 21
"chr12_15392910_G_C" 24 32 22
"chr12_16126185_T_G" 17 29 18
"chr12_1667632_C_T" 22 32 16
"chr12_17432152_C_A" 24 25 18
"chr12_1799642_G_A" 16 26 18
"chr12_22116265_C_T" 23 35 14
"chr12_22152815_C_T" 10 39 19
"chr12_22789094_C_T" 18 28 25
"chr12_23272300_G_T" 24 41 14
"chr12_23279182_G_A" 18 36 18
"chr12_24806230_G_A" 20 34 20
"chr12_25712294_G_A" 16 28 19
"chr12_25830570_G_A" 19 45 16
"chr12_26372461_C_T" 10 33 21
"chr12_30371061_T_C" 16 34 17
"chr12_3050673_T_C" 19 23 17
"chr12_31513733_T_G" 18 37 20
"chr12_34183285_A_T" 15 25 23
"chr12_37789500_A_G" 21 47 14
"chr12_39587938_G_A" 22 24 15
"chr12_39886738_A_T" 17 22 10
"chr12_40593472_C_G" 23 42 17
"chr12_41320601_G_C" 24 39 17
"chr12_41894171_C_T" 23 45 20
"chr12_42674217_C_A" 13 43 17
"chr12_43532295_C_A" 24 36 14
"chr12_43991144_C_T" 18 31 22
"chr12_45061752_C_G" 16 28 20
"chr12_45562481_T_C" 18 35 16
"chr12_45830136_G_A" 14 15 13
"chr12_46737521_G_A" 20 33 14
"chr12_47499943_C_G" 14 36 13
"chr12_48043724_T_G" 13 31 22
"chr12_50076932_C_T" 14 31 23
"chr12_5168415_G_A" 24 37 23
"chr12_55798874_G_C" 30 35 19
"chr12_56373163_G_A" 17 32 28
"chr12_56586300_C_A" 28 32 15
"chr12_60670300_T_C" 28 38 16
"chr12_60843194_C_A" 15 37 17
"chr12_61355407_A_T" 30 33 15
"chr12_62120050_G_T" 24 33 13
"chr12_62120051_A_C" 26 33 12
"chr12_62584232_A_C" 11 29 18
"chr12_64694008_C_T" 29 31 15
"chr12_65109502_A_G" 20 33 11
"chr12_66421536_C_T" 10 37 19
"chr12_68746200_G_A" 29 28 20
"chr12_69708347_C_A" 21 35 15
"chr12_7037502_C_T" 22 23 17
"chr12_70489830_C_A" 15 29 13
"chr12_71991653_G_T" 31 37 16
"chr12_7280108_C_T" 17 28 13
"chr12_73437983_T_A" 20 31 23
"chr12_73475315_A_G" 23 31 11
"chr12_73971702_G_A" 20 36 18
"chr12_77145303_A_T" 20 30 19
"chr12_77922849_A_G" 21 33 12
"chr12_78278447_G_T" 24 31 12
"chr12_78484128_G_A" 28 32 28
"chr12_81618914_G_A" 34 27 17
"chr12_82506855_T_A" 22 27 24
"chr12_8489863_C_T" 26 34 10
"chr12_85347689_C_A" 22 30 19
"chr12_86067535_C_T" 18 25 10
"chr12_86890019_T_C" 26 24 23
"chr12_89863302_G_A" 18 35 22
"chr12_90003660_T_C" 21 37 20
"chr12_9039052_C_A" 16 26 21
"chr12_90910121_G_T" 24 34 14
"chr12_9200153_C_T" 21 49 22
"chr12_9319871_A_T" 14 31 13
"chr12_93466489_C_T" 21 29 21
"chr12_93554619_C_A" 18 16 26
"chr12_93723833_A_G" 13 25 16
"chr12_93882637_T_A" 16 34 22
"chr12_94269247_C_T" 25 39 18
"chr12_95003881_A_C" 13 25 20
"chr12_95400070_T_C" 26 32 14
"chr12_95740364_A_G" 21 26 18
"chr12_96294776_G_T" 18 44 21
"chr12_96566791_C_T" 14 32 18
"chr12_97272296_G_T" 15 36 16
"chr12_97533455_T_A" 15 27 20
"chr12_98996685_C_T" 15 27 18
"chr12_99441927_C_G" 23 40 20
"chr12_99464292_A_T" 20 30 18
"chr12_9962043_G_C" 19 31 19
"chr13_100040563_T_C" 22 40 15
"chr13_100455273_C_T" 22 18 24
"chr13_101515642_T_C" 21 35 15
"chr13_102131229_G_A" 13 50 17
"chr13_102659118_A_C" 22 22 12
"chr13_103409376_C_A" 20 41 21
"chr13_103557636_T_C" 17 38 16
"chr13_105623165_T_C" 26 28 21
"chr13_107428388_C_A" 19 41 21
"chr13_107801853_G_A" 23 34 20
"chr13_108011220_C_T" 22 28 13
"chr13_112461774_A_C" 18 23 19
"chr13_113525292_T_G" 15 27 16
"chr13_18272456_G_T" 46 51 23
"chr13_18849308_G_C" 15 45 17
"chr13_18957983_G_A" 16 22 20
"chr13_19009830_A_G" 17 27 13
"chr13_19150980_G_A" 14 21 23
"chr13_19844958_G_T" 16 28 24
"chr13_21626089_A_T" 19 25 15
"chr13_22138810_G_A" 24 43 17
"chr13_25084961_C_G" 17 37 17
"chr13_27397923_C_T" 21 37 18
"chr13_30401451_A_G" 14 28 13
"chr13_31599101_C_T" 15 27 24
"chr13_31707485_G_T" 22 48 15
"chr13_31785126_C_T" 17 32 22
"chr13_32124400_T_G" 15 40 15
"chr13_36177733_G_A" 15 37 15
"chr13_36427807_A_G" 25 34 15
"chr13_38863057_A_T" 17 30 21
"chr13_39090423_A_G" 19 40 17
"chr13_39157256_C_T" 18 38 13
"chr13_40444092_G_A" 19 25 18
"chr13_42928023_C_T" 23 40 24
"chr13_44053584_T_G" 13 30 26
"chr13_45745669_C_G" 13 32 22
"chr13_45817871_C_A" 25 28 22
"chr13_47425605_T_C" 15 48 19
"chr13_49206093_A_G" 15 27 14
"chr13_52291221_C_A" 13 38 16
"chr13_52700256_A_G" 12 38 17
"chr13_52827459_A_G" 20 26 22
"chr13_53739166_C_T" 17 30 19
"chr13_54475709_A_G" 15 45 16
"chr13_54608206_T_C" 14 43 15
"chr13_56134016_G_T" 19 40 17
"chr13_57138913_G_A" 26 27 24
"chr13_58301331_T_C" 15 38 15
"chr13_58316128_T_C" 16 45 24
"chr13_58909821_G_T" 28 36 18
"chr13_59174167_C_T" 16 20 16
"chr13_59949873_A_C" 24 31 16
"chr13_60001894_A_G" 22 35 20
"chr13_60883884_A_T" 21 47 25
"chr13_61217811_C_T" 19 33 22
"chr13_62227513_A_G" 25 33 24
"chr13_62679316_C_T" 19 28 21
"chr13_63423944_G_T" 19 36 24
"chr13_63985355_C_T" 17 36 21
"chr13_64303361_C_T" 24 33 17
"chr13_64552059_C_A" 20 39 19
"chr13_65375931_A_T" 22 37 18
"chr13_65878364_T_G" 22 35 14
"chr13_67886075_G_A" 19 32 11
"chr13_70199387_G_A" 32 24 24
"chr13_73357243_C_T" 27 30 19
"chr13_74389582_C_T" 15 39 25
"chr13_75073054_C_A" 28 33 29
"chr13_75814160_A_G" 17 26 18
"chr13_78183182_C_A" 19 44 23
"chr13_79109495_G_A" 28 38 15
"chr13_80029957_C_T" 20 37 15
"chr13_82491815_C_T" 25 36 21
"chr13_83304964_C_G" 20 40 23
"chr13_83959407_A_G" 26 42 14
"chr13_84217010_A_C" 29 42 15
"chr13_84236539_A_T" 21 27 15
"chr13_85783233_G_A" 21 31 21
"chr13_85831586_G_A" 24 35 26
"chr13_86651021_G_T" 21 28 24
"chr13_87619964_T_G" 26 28 23
"chr13_90208534_G_A" 16 34 21
"chr13_90613528_G_A" 16 26 19
"chr13_90788259_C_T" 24 36 15
"chr13_91221998_C_T" 18 33 19
"chr13_91477798_G_A" 26 30 26
"chr13_91593064_C_T" 26 24 23
"chr13_92028166_C_T" 19 33 12
"chr13_92475736_A_G" 17 30 11
"chr13_93670764_G_A" 15 31 18
"chr13_94816385_G_T" 16 23 25
"chr13_94852909_G_T" 27 28 26
"chr13_97808237_G_A" 24 31 22
"chr14_101449743_C_T" 14 31 9
"chr14_102955160_C_A" 28 26 16
"chr14_103678538_A_T" 22 34 25
"chr14_104585999_C_T" 25 39 23
"chr14_105450910_C_T" 23 43 16
"chr14_105670806_C_T" 20 44 36
"chr14_19727844_A_T" 18 44 16
"chr14_19893972_G_A" 16 35 19
"chr14_20171637_C_A" 27 30 24
"chr14_22860131_G_T" 16 34 24
"chr14_25963540_C_A" 9 38 13
"chr14_26551176_G_T" 21 22 15
"chr14_26958044_G_A" 25 37 19
"chr14_27019596_T_G" 14 49 13
"chr14_27304515_G_T" 21 27 27
"chr14_27758432_G_A" 30 44 22
"chr14_28218224_A_T" 28 36 13
"chr14_28944957_T_C" 14 27 24
"chr14_30610844_T_G" 17 37 25
"chr14_30668296_G_C" 16 37 21
"chr14_34435069_T_C" 14 30 15
"chr14_37070590_G_A" 20 40 17
"chr14_39861432_G_A" 18 27 13
"chr14_41254670_A_T" 26 34 19
"chr14_41641704_A_T" 26 37 12
"chr14_41766749_C_A" 28 47 16
"chr14_41817687_T_C" 5 43 14
"chr14_42116054_T_C" 22 36 16
"chr14_43731536_G_A" 25 19 17
"chr14_43920658_C_T" 27 39 17
"chr14_47328656_T_A" 24 35 20
"chr14_47479085_G_T" 19 41 6
"chr14_47829742_C_A" 26 26 26
"chr14_48599019_A_G" 19 29 27
"chr14_48803237_G_C" 20 48 10
"chr14_49011268_G_T" 11 36 16
"chr14_54674326_T_C" 18 35 21
"chr14_57412971_T_C" 20 28 17
"chr14_57669152_A_G" 22 39 18
"chr14_59922729_T_C" 17 37 27
"chr14_60171969_G_A" 15 29 21
"chr14_62929993_C_T" 19 40 17
"chr14_66065887_C_G" 26 37 26
"chr14_66067972_C_T" 17 31 13
"chr14_66678316_A_C" 15 41 20
"chr14_67284210_A_G" 19 38 21
"chr14_67979736_T_C" 19 35 17
"chr14_68672491_G_T" 31 28 20
"chr14_69311635_A_G" 13 33 13
"chr14_69312831_G_A" 23 45 20
"chr14_70018626_C_A" 17 23 21
"chr14_72511757_G_A" 20 29 20
"chr14_72759391_G_A" 12 28 22
"chr14_74963578_G_A" 26 25 19
"chr14_75179050_G_T" 30 28 21
"chr14_78841821_C_T" 23 40 13
"chr14_81755314_C_A" 28 42 20
"chr14_81875462_C_A" 15 23 9
"chr14_82620164_G_C" 18 33 14
"chr14_83046370_C_A" 28 31 11
"chr14_83748435_A_G" 23 27 17
"chr14_84684183_A_G" 16 25 25
"chr14_84923479_T_C" 28 34 17
"chr14_85639006_C_T" 19 20 19
"chr14_86602141_G_A" 16 32 26
"chr14_86742099_G_A" 20 22 16
"chr14_87222754_C_G" 20 29 16
"chr14_89524153_T_G" 18 15 16
"chr14_89524167_G_A" 22 18 19
"chr14_90747355_C_T" 17 40 10
"chr14_91020080_G_T" 26 37 16
"chr14_91603268_A_G" 15 29 21
"chr14_93657890_G_A" 25 40 17
"chr14_94353906_A_T" 22 35 23
"chr14_99545923_C_G" 19 20 17
"chr14_99679606_G_A" 16 27 21
"chr14_99911181_C_T" 17 36 15
"chr15_20365621_C_T" 61 104 50
"chr15_20370595_G_A" 49 113 43
"chr15_20398443_C_A" 50 105 45
"chr15_23073783_C_T" 26 38 27
"chr15_23216086_A_G" 19 36 8
"chr15_23543180_C_T" 20 45 17
"chr15_24039960_C_A" 22 42 21
"chr15_25175421_C_T" 14 29 23
"chr15_27822653_G_A" 21 33 29
"chr15_27955522_C_T" 19 34 13
"chr15_29068284_C_T" 21 30 21
"chr15_29154988_G_A" 23 20 11
"chr15_29621819_C_T" 20 28 13
"chr15_31874082_G_A" 21 41 15
"chr15_33724687_G_T" 19 32 15
"chr15_34717742_A_C" 18 41 21
"chr15_36756647_G_T" 14 36 23
"chr15_37298957_T_A" 27 37 18
"chr15_38436973_T_C" 20 33 15
"chr15_39085118_G_A" 19 40 10
"chr15_39347512_C_T" 22 26 25
"chr15_40219936_T_G" 28 38 18
"chr15_41810405_A_C" 19 24 24
"chr15_42053835_T_A" 24 39 25
"chr15_46503200_C_T" 18 22 17
"chr15_46686523_G_T" 19 26 10
"chr15_46891576_T_A" 20 46 13
"chr15_47583719_T_A" 20 28 18
"chr15_48122428_A_C" 18 42 15
"chr15_48237505_C_A" 20 38 19
"chr15_48250310_C_A" 21 24 20
"chr15_53179769_G_A" 17 34 17
"chr15_54411769_C_A" 19 30 12
"chr15_55103995_C_T" 17 30 15
"chr15_57836381_C_G" 17 38 16
"chr15_58072256_T_A" 27 30 19
"chr15_59160175_G_T" 20 25 23
"chr15_61422612_G_A" 29 27 14
"chr15_61800270_C_T" 14 32 16
"chr15_63110382_G_A" 15 37 17
"chr15_69168803_A_G" 20 40 12
"chr15_72833826_A_C" 21 32 11
"chr15_73624576_C_T" 22 32 27
"chr15_74672826_A_T" 19 39 15
"chr15_76044292_G_A" 16 31 9
"chr15_76333914_C_A" 11 36 22
"chr15_76574067_T_A" 16 36 15
"chr15_81626093_C_T" 17 38 17
"chr15_85822422_G_C" 17 23 18
"chr15_87334288_C_A" 21 33 19
"chr15_87611195_G_T" 20 34 25
"chr15_87703484_A_G" 20 23 12
"chr15_87712899_G_A" 18 21 23
"chr15_87858442_G_A" 20 37 16
"chr15_88748762_C_T" 16 25 22
"chr15_88778247_G_A" 17 23 17
"chr15_88914916_T_C" 14 35 13
"chr15_90004972_G_C" 23 32 14
"chr15_90185771_G_T" 29 34 21
"chr15_91827776_A_C" 26 23 18
"chr15_92177358_C_T" 24 42 25
"chr15_92267988_C_T" 22 46 17
"chr15_94940071_G_A" 22 25 24
"chr15_96077816_T_A" 23 31 21
"chr16_10870354_C_A" 13 36 21
"chr16_1194517_C_T" 33 24 18
"chr16_1260359_G_A" 31 31 21
"chr16_13196426_G_T" 19 35 23
"chr16_1527336_G_A" 14 35 18
"chr16_16754459_T_G" 28 36 14
"chr16_22786107_C_T" 35 22 12
"chr16_23829400_C_T" 23 24 19
"chr16_24063375_A_G" 19 24 23
"chr16_24262144_G_A" 21 41 25
"chr16_26270572_G_A" 19 39 21
"chr16_26681574_G_A" 17 32 21
"chr16_3117071_G_T" 22 38 18
"chr16_31238661_G_A" 17 23 32
"chr16_31365083_A_G" 19 40 31
"chr16_33908223_C_A" 17 26 22
"chr16_34120698_T_A" 21 46 22
"chr16_34200894_G_A" 27 38 10
"chr16_34946680_G_A" 23 25 18
"chr16_35425776_G_T" 22 34 21
"chr16_35562245_A_G" 25 39 13
"chr16_35808307_A_T" 27 35 18
"chr16_47130647_G_A" 12 19 9
"chr16_47530372_G_C" 15 26 14
"chr16_48359778_G_C" 23 29 26
"chr16_48785761_G_A" 26 42 21
"chr16_50746366_G_A" 22 35 17
"chr16_50850169_A_G" 19 22 24
"chr16_51363776_C_A" 12 35 18
"chr16_51604113_T_G" 13 37 15
"chr16_52336461_G_A" 20 34 12
"chr16_52446158_T_G" 22 37 22
"chr16_5290715_T_G" 14 23 14
"chr16_53348824_C_T" 18 33 25
"chr16_53405565_G_A" 17 20 21
"chr16_53630035_T_C" 20 31 26
"chr16_53810656_T_A" 17 42 18
"chr16_54587323_C_A" 22 32 12
"chr16_55291216_G_A" 24 33 19
"chr16_5688942_C_T" 12 43 19
"chr16_57627326_C_A" 16 29 23
"chr16_58378158_C_T" 13 46 11
"chr16_59371577_T_C" 20 30 21
"chr16_60107885_C_T" 20 38 8
"chr16_60788597_T_A" 18 35 15
"chr16_61767485_G_A" 21 33 12
"chr16_62820757_G_A" 30 36 21
"chr16_6332132_G_A" 20 32 16
"chr16_6420082_A_G" 24 44 19
"chr16_6437104_C_T" 13 41 11
"chr16_6517377_G_A" 19 41 15
"chr16_66113300_C_T" 18 34 19
"chr16_66567170_T_A" 17 21 17
"chr16_66967471_G_A" 14 34 20
"chr16_67926196_G_A" 21 24 16
"chr16_6889403_C_T" 16 40 13
"chr16_6911300_G_A" 16 37 14
"chr16_71376864_T_C" 19 34 26
"chr16_73833175_C_T" 13 31 10
"chr16_74531618_T_A" 24 38 19
"chr16_76485863_G_T" 17 35 25
"chr16_77411398_G_T" 18 30 25
"chr16_77693384_C_T" 17 29 19
"chr16_78550342_A_G" 25 41 18
"chr16_79347568_C_T" 17 33 15
"chr16_8043050_T_A" 15 36 16
"chr16_8066157_G_A" 13 30 17
"chr16_81547768_G_T" 23 38 20
"chr16_82470401_T_C" 12 28 22
"chr16_83274766_C_T" 23 28 17
"chr16_84586002_C_T" 33 30 14
"chr16_86340283_G_A" 22 30 21
"chr16_86662190_T_A" 25 32 19
"chr16_8667369_A_G" 19 27 19
"chr16_87684963_A_T" 14 26 18
"chr16_88499130_G_A" 15 27 16
"chr16_9033921_C_A" 16 24 17
"chr16_9121742_C_T" 23 32 11
"chr16_969515_G_A" 16 30 26
"chr16_9832457_T_A" 16 36 15
"chr16_9858533_C_T" 20 51 24
"chr17_10124635_G_A" 17 33 20
"chr17_10274718_C_T" 13 21 15
"chr17_1321422_C_A" 16 31 23
"chr17_16036248_T_C" 21 28 11
"chr17_16991492_C_G" 18 32 41
"chr17_17479203_C_G" 25 42 20
"chr17_18144213_A_C" 22 28 24
"chr17_18484803_C_T" 19 44 20
"chr17_18631764_G_T" 23 26 11
"chr17_19552104_C_T" 15 46 21
"chr17_1964148_C_A" 23 34 25
"chr17_2091288_C_T" 24 31 17
"chr17_20987957_G_T" 14 47 19
"chr17_22062372_C_T" 9 29 20
"chr17_27664523_G_A" 18 32 13
"chr17_30945882_G_A" 19 13 11
"chr17_31484977_C_T" 21 23 18
"chr17_32420341_T_A" 26 17 24
"chr17_33492165_G_A" 17 34 23
"chr17_33604908_C_A" 23 33 16
"chr17_33617965_A_C" 18 36 14
"chr17_34438523_C_T" 21 33 21
"chr17_34524259_C_T" 12 19 26
"chr17_35318092_G_T" 16 31 10
"chr17_38997320_G_T" 19 27 16
"chr17_39381868_G_T" 17 32 19
"chr17_40667041_G_A" 25 43 30
"chr17_42914386_G_C" 23 34 21
"chr17_45668514_G_A" 19 28 13
"chr17_4571468_G_A" 17 40 17
"chr17_50473971_G_A" 39 37 13
"chr17_50764575_C_G" 26 51 21
"chr17_5085881_G_T" 16 33 25
"chr17_51622494_C_A" 14 37 12
"chr17_52186941_C_A" 19 29 21
"chr17_53187833_C_T" 16 37 19
"chr17_53628661_G_T" 29 51 21
"chr17_53895203_C_T" 27 29 19
"chr17_5528594_T_C" 21 36 18
"chr17_5658154_C_T" 16 29 17
"chr17_58910279_C_A" 35 24 28
"chr17_61035874_G_A" 25 39 23
"chr17_61549839_A_T" 17 34 19
"chr17_64081542_T_G" 21 52 16
"chr17_66079176_A_G" 19 28 15
"chr17_66459491_T_A" 25 36 22
"chr17_66695381_A_G" 13 23 16
"chr17_67051771_C_T" 19 37 19
"chr17_68913503_A_G" 23 45 21
"chr17_71150005_A_G" 23 35 15
"chr17_71469206_T_G" 11 29 12
"chr17_71732730_G_A" 22 30 21
"chr17_72633020_T_A" 21 17 20
"chr17_72825263_A_C" 16 25 13
"chr17_75022034_G_A" 14 25 22
"chr17_76867265_G_A" 27 38 18
"chr17_78744533_T_A" 18 33 18
"chr17_79437446_G_C" 24 29 20
"chr17_79546225_C_T" 16 39 16
"chr17_80014949_A_T" 26 29 24
"chr17_81611174_G_A" 18 33 11
"chr17_8304958_T_C" 14 43 15
"chr17_9974283_G_A" 12 33 8
"chr18_10069156_C_T" 20 30 15
"chr18_10494666_A_C" 15 37 12
"chr18_10628378_G_A" 17 36 12
"chr18_12617118_C_A" 16 25 29
"chr18_14199553_T_G" 21 31 18
"chr18_2013019_C_T" 18 29 26
"chr18_21398305_C_A" 29 32 25
"chr18_24418512_G_T" 21 32 19
"chr18_24794773_G_T" 23 32 14
"chr18_26738583_G_A" 15 30 17
"chr18_26885500_T_A" 20 31 13
"chr18_276179_G_A" 21 40 22
"chr18_28471779_C_A" 23 31 19
"chr18_28477173_G_T" 26 32 21
"chr18_28501492_G_A" 31 37 25
"chr18_29373097_A_G" 16 28 15
"chr18_30092366_C_T" 21 29 15
"chr18_31109307_T_C" 24 36 14
"chr18_31391182_C_T" 17 36 16
"chr18_32817978_G_T" 19 44 10
"chr18_36016565_T_A" 16 17 19
"chr18_37357844_A_G" 22 30 21
"chr18_47056760_G_A" 10 36 21
"chr18_49458887_T_C" 18 28 27
"chr18_50077757_A_T" 14 30 21
"chr18_50689408_A_G" 16 25 26
"chr18_51334894_G_A" 19 39 13
"chr18_5185236_A_G" 12 36 9
"chr18_54001666_C_T" 24 34 22
"chr18_55162378_C_T" 27 36 30
"chr18_55670946_G_T" 15 36 20
"chr18_55774809_G_A" 20 31 13
"chr18_56004600_C_T" 20 32 18
"chr18_57416393_C_T" 19 28 19
"chr18_59177433_G_A" 16 28 16
"chr18_59510483_G_A" 22 35 27
"chr18_61074321_C_T" 22 22 12
"chr18_61801014_C_T" 14 29 27
"chr18_62861717_A_C" 20 35 16
"chr18_65839319_C_T" 23 26 12
"chr18_67323251_G_A" 19 37 12
"chr18_68615785_A_G" 23 42 17
"chr18_69190533_G_A" 18 38 17
"chr18_71048604_T_G" 27 43 13
"chr18_71098468_C_T" 15 35 16
"chr18_71842624_A_C" 17 40 12
"chr18_71935119_G_T" 17 24 11
"chr18_7223493_C_T" 9 24 21
"chr18_7241892_G_A" 12 35 21
"chr18_72422929_G_T" 23 31 14
"chr18_73152409_G_T" 14 29 19
"chr18_73212643_C_T" 20 30 13
"chr18_73270338_G_A" 14 32 22
"chr18_73787043_G_A" 32 31 9
"chr18_74567485_G_T" 18 26 16
"chr18_74658103_T_C" 13 26 19
"chr18_76330968_C_A" 16 32 15
"chr18_77910396_G_A" 16 35 9
"chr18_77939900_C_A" 29 34 14
"chr18_78430602_C_T" 19 30 16
"chr18_79642303_C_G" 17 36 16
"chr18_945045_G_A" 24 30 17
"chr19_10344702_C_T" 23 32 23
"chr19_11737513_T_A" 19 32 19
"chr19_12579830_G_A" 24 32 20
"chr19_12586159_G_A" 21 47 19
"chr19_1400285_G_A" 15 21 9
"chr19_14611632_C_T" 20 26 15
"chr19_16410520_A_G" 15 27 21
"chr19_16563184_C_T" 29 30 17
"chr19_16886575_G_A" 27 41 14
"chr19_18558880_C_A" 32 25 16
"chr19_21135323_A_G" 13 25 14
"chr19_22286104_G_A" 22 24 15
"chr19_22702213_A_G" 21 36 16
"chr19_22777805_G_A" 19 33 20
"chr19_28006085_C_T" 22 30 9
"chr19_28077257_C_T" 30 26 18
"chr19_28491755_G_T" 29 28 16
"chr19_2886764_C_A" 27 34 17
"chr19_29325664_C_T" 14 29 12
"chr19_29451708_G_A" 27 22 22
"chr19_29468328_C_T" 33 43 20
"chr19_30233221_G_A" 23 27 14
"chr19_30745330_G_A" 20 34 14
"chr19_31717346_C_T" 14 26 22
"chr19_31733719_G_A" 18 27 10
"chr19_31767646_A_T" 20 41 30
"chr19_31780105_C_T" 27 28 16
"chr19_3274009_A_G" 25 35 22
"chr19_35723774_A_C" 12 32 17
"chr19_37415857_G_A" 13 28 11
"chr19_37437308_A_G" 17 24 28
"chr19_38083644_G_C" 17 37 12
"chr19_3925128_G_A" 23 27 18
"chr19_39831868_G_C" 29 27 20
"chr19_40217129_G_A" 22 40 12
"chr19_40350086_C_T" 21 34 24
"chr19_41059355_G_A" 17 39 13
"chr19_4167929_G_A" 11 17 20
"chr19_43150974_G_T" 29 39 22
"chr19_45472734_G_A" 26 33 22
"chr19_47019009_C_G" 24 27 24
"chr19_47454736_A_G" 30 32 26
"chr19_47823945_C_T" 21 27 34
"chr19_48827287_C_T" 26 29 25
"chr19_49286126_G_A" 18 32 22
"chr19_51231622_T_C" 10 25 16
"chr19_5135449_C_G" 15 24 16
"chr19_51867216_T_C" 19 34 10
"chr19_52521035_G_A" 22 41 22
"chr19_54140617_C_T" 23 24 13
"chr19_54536080_C_A" 19 25 20
"chr19_54886045_G_A" 17 34 15
"chr19_57047413_C_T" 19 36 15
"chr19_6719910_C_A" 14 39 19
"chr19_681697_A_T" 18 18 18
"chr19_6898443_G_A" 21 28 27
"chr19_7742123_T_C" 26 34 20
"chr19_8090934_C_T" 18 17 19
"chr19_8213229_G_T" 19 29 16
"chr19_8879805_G_A" 25 41 31
"chr2_100833984_G_C" 23 35 17
"chr2_102596322_C_T" 21 21 21
"chr2_10329883_A_G" 20 33 19
"chr2_104619081_C_T" 21 23 14
"chr2_105080083_A_T" 15 28 20
"chr2_106967040_G_C" 18 42 16
"chr2_114373990_G_C" 17 29 15
"chr2_114773893_T_A" 15 40 20
"chr2_115390598_T_C" 33 28 24
"chr2_115594297_T_C" 18 32 13
"chr2_116264121_G_A" 16 41 18
"chr2_117707564_G_A" 16 20 20
"chr2_118380752_G_A" 20 39 18
"chr2_118679783_C_T" 20 25 14
"chr2_118985301_C_A" 11 37 22
"chr2_121136449_A_T" 29 29 17
"chr2_122811991_G_A" 14 28 21
"chr2_122827208_G_C" 26 30 15
"chr2_123467050_T_C" 8 29 21
"chr2_124122462_A_G" 25 42 20
"chr2_126106615_C_A" 27 29 19
"chr2_129591605_C_T" 15 21 21
"chr2_130389919_C_T" 11 36 14
"chr2_132105453_T_C" 17 37 23
"chr2_132609976_C_T" 11 20 24
"chr2_133327291_T_C" 20 30 20
"chr2_13341802_C_T" 14 37 17
"chr2_133597055_T_C" 21 34 18
"chr2_135467418_A_G" 14 25 25
"chr2_136209692_A_T" 18 37 20
"chr2_136398044_C_T" 21 27 20
"chr2_136806773_C_A" 12 30 26
"chr2_137042068_T_C" 17 52 17
"chr2_137297971_C_A" 21 40 15
"chr2_137542272_C_T" 21 39 27
"chr2_141187802_G_A" 18 24 14
"chr2_144963100_A_G" 14 26 21
"chr2_145174362_T_C" 18 20 16
"chr2_145298302_A_T" 15 36 15
"chr2_145610734_C_T" 12 31 20
"chr2_145798382_G_A" 13 31 23
"chr2_145923450_A_G" 19 38 14
"chr2_147764194_C_A" 19 27 19
"chr2_147835384_C_T" 17 30 29
"chr2_148514475_C_G" 11 35 11
"chr2_149354508_C_T" 16 31 20
"chr2_1510662_C_T" 17 33 17
"chr2_152235649_G_C" 16 32 18
"chr2_152367768_T_A" 18 28 25
"chr2_153629736_G_A" 31 50 21
"chr2_154205911_T_C" 27 24 16
"chr2_155780687_T_A" 21 30 20
"chr2_157112842_A_T" 22 30 22
"chr2_157387544_C_T" 32 42 11
"chr2_157702803_A_G" 25 36 22
"chr2_157985281_C_T" 18 34 15
"chr2_160892274_G_T" 19 30 10
"chr2_161455015_C_T" 19 23 20
"chr2_161474686_G_A" 25 29 19
"chr2_162720310_A_G" 20 25 22
"chr2_167101370_C_T" 21 35 22
"chr2_168082257_A_T" 20 37 16
"chr2_169146490_C_A" 24 26 20
"chr2_169237079_C_T" 32 28 15
"chr2_169257390_G_T" 20 40 23
"chr2_170618869_A_G" 20 42 30
"chr2_170714722_C_T" 18 33 23
"chr2_174895323_G_A" 25 28 22
"chr2_176117687_C_T" 21 25 19
"chr2_178841055_A_C" 20 39 27
"chr2_18218165_G_A" 21 36 19
"chr2_183205824_C_T" 23 22 17
"chr2_183960640_C_T" 15 25 16
"chr2_185482274_G_T" 24 30 25
"chr2_185492480_G_A" 19 31 10
"chr2_188098950_T_G" 20 34 17
"chr2_188401838_G_C" 20 31 24
"chr2_189469184_G_T" 21 46 21
"chr2_189626537_C_G" 11 34 15
"chr2_193198556_T_C" 23 22 13
"chr2_193366275_C_G" 29 39 24
"chr2_193710353_T_C" 24 27 17
"chr2_194274148_T_C" 19 37 12
"chr2_194546826_G_T" 25 30 20
"chr2_194896095_G_A" 26 26 15
"chr2_195003683_T_C" 23 34 17
"chr2_195419407_A_G" 20 32 25
"chr2_19709726_A_C" 15 21 14
"chr2_199224306_C_T" 18 31 13
"chr2_201736468_A_T" 19 38 15
"chr2_202038443_G_A" 20 33 17
"chr2_202154789_C_A" 16 37 18
"chr2_202662045_A_G" 14 22 23
"chr2_202708299_T_C" 29 27 11
"chr2_2048146_G_T" 31 43 22
"chr2_205426133_G_C" 14 38 16
"chr2_206248461_A_T" 13 32 21
"chr2_206481209_C_A" 20 40 21
"chr2_207606608_C_A" 20 31 16
"chr2_208643395_A_G" 15 40 15
"chr2_210206001_A_C" 15 31 20
"chr2_211623519_G_C" 16 36 17
"chr2_21204163_C_T" 12 33 24
"chr2_212600837_C_T" 22 39 22
"chr2_213780932_A_G" 24 31 16
"chr2_214063209_C_T" 17 31 21
"chr2_215008212_G_A" 16 39 12
"chr2_216060535_G_A" 24 31 16
"chr2_216386791_C_T" 10 42 17
"chr2_2166945_G_A" 22 26 26
"chr2_216825406_T_G" 14 29 13
"chr2_21746387_C_T" 14 34 22
"chr2_219828556_C_A" 13 31 23
"chr2_21994672_G_T" 18 47 26
"chr2_219990685_G_T" 19 30 16
"chr2_220365489_A_G" 11 36 19
"chr2_220513064_A_G" 20 30 14
"chr2_222963404_C_T" 19 32 31
"chr2_222963405_A_G" 18 31 31
"chr2_22306695_C_A" 16 35 20
"chr2_224650395_C_T" 17 35 21
"chr2_225749692_C_G" 26 28 25
"chr2_228426111_G_C" 22 34 24
"chr2_228477679_T_C" 22 37 12
"chr2_230762127_C_T" 23 38 17
"chr2_232917003_C_A" 24 23 25
"chr2_234873361_A_G" 20 28 21
"chr2_237347790_G_A" 23 19 25
"chr2_23833838_C_T" 25 17 21
"chr2_238939325_G_A" 24 26 14
"chr2_240051221_C_T" 21 25 15
"chr2_24575767_G_T" 18 39 12
"chr2_24737804_A_C" 26 25 15
"chr2_24870159_A_T" 19 30 22
"chr2_25282195_T_C" 18 23 24
"chr2_2572038_G_A" 16 30 13
"chr2_27140574_T_A" 16 31 23
"chr2_28423766_T_C" 22 33 14
"chr2_30380894_C_A" 16 36 23
"chr2_32301949_C_A" 21 43 17
"chr2_32331048_G_A" 13 21 13
"chr2_33560380_T_A" 17 38 21
"chr2_33691800_T_C" 15 36 22
"chr2_34464253_T_C" 19 36 16
"chr2_364362_A_T" 16 22 16
"chr2_36988192_C_A" 20 38 37
"chr2_37351553_G_C" 15 43 14
"chr2_40011591_C_T" 34 36 19
"chr2_40241447_C_A" 28 32 22
"chr2_42141817_A_G" 15 37 22
"chr2_43787876_G_A" 21 25 20
"chr2_45670971_G_T" 19 40 11
"chr2_47301383_G_C" 16 32 23
"chr2_4791611_G_A" 26 31 18
"chr2_48767679_G_A" 18 43 13
"chr2_49802693_G_A" 21 38 17
"chr2_50891643_A_G" 24 46 19
"chr2_5132548_C_T" 20 38 17
"chr2_51466538_A_G" 29 38 18
"chr2_52274430_G_A" 26 33 10
"chr2_52317118_C_T" 19 28 15
"chr2_54252302_T_C" 19 44 13
"chr2_54295708_A_G" 14 32 20
"chr2_54960647_T_A" 18 27 22
"chr2_55502432_T_C" 29 29 19
"chr2_60799816_C_T" 22 36 17
"chr2_63429511_C_A" 18 38 26
"chr2_6411319_C_T" 19 30 20
"chr2_65338693_A_G" 12 22 11
"chr2_6636056_T_A" 18 27 13
"chr2_66670332_A_C" 28 25 18
"chr2_67161406_C_G" 21 30 32
"chr2_67456500_T_A" 21 35 19
"chr2_68181409_A_T" 22 26 11
"chr2_74228308_A_T" 21 29 14
"chr2_74745228_T_C" 12 27 18
"chr2_75078566_A_G" 20 25 22
"chr2_77176616_T_C" 15 31 18
"chr2_79956635_C_T" 20 35 19
"chr2_80285361_A_T" 21 37 16
"chr2_81850578_C_T" 18 29 15
"chr2_82320968_C_A" 25 36 20
"chr2_83304028_C_G" 30 30 16
"chr2_83523942_C_T" 15 45 21
"chr2_84101935_C_A" 18 39 10
"chr2_8425422_C_T" 16 37 18
"chr2_85403712_C_T" 17 24 21
"chr2_86106170_C_T" 24 32 17
"chr2_88823397_G_T" 19 34 17
"chr2_89007501_A_C" 16 16 12
"chr2_9139736_T_C" 20 20 14
"chr20_12501274_G_A" 38 29 17
"chr20_12816185_G_T" 23 27 21
"chr20_12867341_A_G" 21 38 18
"chr20_13564845_A_G" 14 32 19
"chr20_14624210_G_A" 31 25 10
"chr20_16387740_G_A" 20 36 18
"chr20_17818835_C_T" 18 19 18
"chr20_19215038_G_A" 13 31 16
"chr20_19293374_G_C" 18 28 14
"chr20_20260408_T_G" 29 39 18
"chr20_21434569_G_A" 19 24 17
"chr20_22126145_A_G" 19 37 19
"chr20_23121148_C_T" 11 27 17
"chr20_23731298_C_T" 16 30 15
"chr20_24202848_G_T" 20 19 12
"chr20_24752949_G_A" 20 29 23
"chr20_3048796_C_G" 31 41 27
"chr20_3092357_G_A" 19 36 28
"chr20_3136635_G_A" 22 25 28
"chr20_33163135_T_A" 17 31 29
"chr20_35008767_T_C" 18 33 13
"chr20_36929533_G_A" 16 36 20
"chr20_36929538_C_A" 19 35 18
"chr20_389320_C_G" 20 35 22
"chr20_40361815_T_A" 29 41 12
"chr20_40606566_A_G" 20 35 22
"chr20_42482810_G_A" 22 34 18
"chr20_42651233_C_T" 22 24 20
"chr20_43244666_G_A" 22 24 10
"chr20_43322745_G_A" 22 40 22
"chr20_43729930_C_T" 22 34 11
"chr20_47230482_C_T" 22 27 16
"chr20_48282587_A_G" 24 45 15
"chr20_48696109_T_C" 27 40 28
"chr20_5019249_C_T" 18 37 22
"chr20_50286210_G_A" 16 32 11
"chr20_50471201_A_C" 22 31 18
"chr20_5096459_G_C" 26 27 21
"chr20_52336898_T_G" 16 28 23
"chr20_5282452_G_A" 18 34 23
"chr20_53126056_A_G" 19 34 13
"chr20_548311_G_A" 15 31 20
"chr20_55587066_T_C" 22 27 14
"chr20_57619817_G_C" 19 27 20
"chr20_59313814_C_T" 18 32 12
"chr20_5964050_G_T" 19 25 20
"chr20_59946910_C_T" 26 38 12
"chr20_60444046_A_T" 16 34 16
"chr20_60623014_C_G" 16 46 18
"chr20_60838100_T_C" 20 35 18
"chr20_61740764_C_T" 16 28 15
"chr20_6217825_C_A" 16 36 22
"chr20_63256756_C_T" 23 27 18
"chr20_7247508_G_A" 18 32 15
"chr20_8402711_G_A" 21 24 9
"chr21_13001075_G_A" 32 79 39
"chr21_13133436_C_A" 22 31 11
"chr21_13236427_G_A" 15 23 21
"chr21_16046318_G_A" 14 19 16
"chr21_18257836_G_A" 24 42 20
"chr21_18273953_G_A" 20 34 14
"chr21_19826716_C_A" 28 50 22
"chr21_20015578_G_T" 25 26 15
"chr21_20148895_A_G" 14 32 13
"chr21_21104266_G_A" 24 36 21
"chr21_21600864_G_T" 24 46 18
"chr21_22326924_A_T" 19 52 21
"chr21_22392321_G_C" 28 39 20
"chr21_22456186_T_C" 19 41 18
"chr21_23820227_T_A" 17 36 17
"chr21_24929218_A_T" 12 34 13
"chr21_25500030_G_A" 15 28 13
"chr21_26550558_G_A" 18 35 15
"chr21_26739989_C_A" 23 32 13
"chr21_27064789_A_G" 16 37 24
"chr21_29723578_T_C" 16 36 14
"chr21_29960875_A_G" 14 20 11
"chr21_30312156_T_C" 19 35 12
"chr21_30508638_C_T" 19 32 12
"chr21_30957547_G_A" 25 26 16
"chr21_33326238_C_T" 17 24 10
"chr21_36856404_T_C" 12 43 12
"chr21_38318523_G_A" 16 37 17
"chr21_38542310_G_A" 24 31 18
"chr21_38601432_A_T" 21 32 24
"chr21_38710634_C_T" 16 35 15
"chr21_40153337_A_C" 19 32 15
"chr21_40794813_C_T" 21 35 22
"chr21_41574136_T_A" 16 31 25
"chr21_43760832_C_T" 21 38 25
"chr21_44642759_G_A" 19 36 19
"chr21_45246770_G_A" 22 36 15
"chr21_45422192_G_A" 23 41 17
"chr21_9690907_G_A" 14 23 25
"chr21_9725399_C_T" 61 105 36
"chr21_9936811_C_A" 66 111 59
"chr21_9951396_A_T" 65 108 59
"chr22_11958084_G_A" 16 44 9
"chr22_15552186_C_T" 21 37 5
"chr22_16096144_T_C" 19 24 19
"chr22_16749738_G_T" 24 46 19
"chr22_17998419_A_G" 18 22 9
"chr22_20378808_C_T" 27 31 20
"chr22_21086715_G_A" 27 27 15
"chr22_26008043_T_A" 18 26 15
"chr22_26201258_C_T" 25 22 19
"chr22_28199882_T_C" 22 30 14
"chr22_28928127_C_T" 26 33 16
"chr22_29321546_T_C" 21 30 22
"chr22_29884254_C_T" 25 26 20
"chr22_32416704_G_T" 20 36 18
"chr22_34153335_G_A" 15 29 22
"chr22_36561120_G_T" 18 36 26
"chr22_36628096_C_T" 21 43 16
"chr22_37069922_G_A" 15 25 14
"chr22_38800946_C_T" 26 36 19
"chr22_39103159_G_A" 19 39 13
"chr22_41447463_T_C" 22 33 25
"chr22_41667618_G_T" 23 31 16
"chr22_41844143_C_A" 10 26 26
"chr22_43357352_C_T" 22 46 14
"chr22_45470568_G_A" 16 35 16
"chr22_46550829_C_T" 32 23 18
"chr22_47046960_C_A" 16 43 17
"chr22_47237324_C_T" 20 27 9
"chr22_48267207_T_G" 17 24 21
"chr22_48373476_G_T" 24 35 14
"chr22_49154828_C_T" 23 32 13
"chr3_102129321_C_T" 18 32 16
"chr3_102809460_C_A" 15 29 15
"chr3_103334686_A_G" 23 39 15
"chr3_103647805_G_T" 27 32 17
"chr3_103764593_C_T" 22 35 22
"chr3_104691227_T_C" 20 26 20
"chr3_105319295_T_C" 27 34 15
"chr3_10640202_A_G" 23 32 20
"chr3_108531756_G_A" 13 27 16
"chr3_10869864_G_A" 19 47 16
"chr3_109446406_G_T" 25 33 18
"chr3_109531136_C_T" 22 31 19
"chr3_113582618_G_T" 20 28 11
"chr3_115304705_C_A" 15 38 21
"chr3_115990562_C_A" 23 40 19
"chr3_116027136_C_A" 20 40 14
"chr3_116101179_G_T" 15 26 24
"chr3_116577712_C_T" 23 44 18
"chr3_116594669_C_T" 18 27 13
"chr3_116782011_C_A" 22 33 10
"chr3_119210873_C_A" 20 31 18
"chr3_122094213_C_T" 20 34 21
"chr3_123639887_A_C" 14 33 24
"chr3_124468435_C_T" 17 38 30
"chr3_125935531_C_T" 19 34 12
"chr3_128003719_G_A" 17 36 18
"chr3_128999716_T_C" 30 35 22
"chr3_131353116_T_C" 29 30 13
"chr3_131430389_G_A" 11 32 23
"chr3_133216383_A_G" 22 40 19
"chr3_135222418_G_A" 20 35 27
"chr3_135628176_C_T" 23 45 18
"chr3_137212969_A_T" 18 33 27
"chr3_137288993_G_A" 16 38 12
"chr3_137348895_G_C" 20 27 17
"chr3_137376982_C_A" 13 22 21
"chr3_137951257_T_G" 29 43 24
"chr3_13994513_C_T" 20 41 15
"chr3_140041920_A_T" 16 35 14
"chr3_141861944_C_A" 30 31 16
"chr3_143493552_A_T" 11 34 13
"chr3_147531791_T_G" 21 29 18
"chr3_147831851_T_A" 31 34 21
"chr3_150201933_T_C" 17 24 21
"chr3_151871760_G_T" 23 27 16
"chr3_152490028_G_A" 21 25 15
"chr3_153328255_A_T" 24 25 24
"chr3_153762199_T_A" 18 41 9
"chr3_154507116_G_T" 26 35 22
"chr3_154523040_C_T" 21 36 19
"chr3_155279668_C_T" 19 31 19
"chr3_156305872_G_C" 26 29 29
"chr3_157044430_G_A" 24 36 23
"chr3_158116911_A_G" 21 26 15
"chr3_158127323_A_G" 12 29 19
"chr3_1591192_A_G" 21 31 18
"chr3_159869431_T_C" 18 29 25
"chr3_160981341_T_C" 15 30 26
"chr3_162743745_A_C" 16 37 10
"chr3_163329170_C_T" 20 27 14
"chr3_163773708_G_A" 21 30 15
"chr3_164362125_T_C" 25 42 24
"chr3_166077537_G_T" 21 39 24
"chr3_166143187_G_A" 18 34 16
"chr3_166762331_C_A" 22 32 19
"chr3_167378087_C_T" 10 43 17
"chr3_168665791_C_G" 26 34 20
"chr3_168950142_G_C" 16 45 20
"chr3_169531414_T_G" 24 40 16
"chr3_170536749_A_G" 19 40 17
"chr3_170733595_A_G" 32 26 12
"chr3_170830263_A_G" 23 29 14
"chr3_171549217_A_C" 21 25 16
"chr3_173353184_C_T" 20 25 19
"chr3_173696247_C_T" 23 33 25
"chr3_173825327_A_T" 18 34 18
"chr3_174481326_G_T" 20 33 18
"chr3_175754971_T_A" 18 32 25
"chr3_180217031_C_T" 22 34 21
"chr3_181593076_G_T" 19 36 22
"chr3_182124498_T_A" 15 28 13
"chr3_182126629_C_T" 17 27 25
"chr3_182418468_C_T" 18 27 17
"chr3_183244120_G_C" 24 15 20
"chr3_184583435_C_G" 16 24 19
"chr3_185295360_A_T" 19 27 18
"chr3_187153101_A_G" 29 34 19
"chr3_187456356_G_A" 21 39 22
"chr3_188044361_G_C" 15 30 19
"chr3_191008915_C_G" 26 32 15
"chr3_196220636_C_T" 20 29 18
"chr3_196223626_G_T" 26 40 16
"chr3_20618940_C_A" 21 26 17
"chr3_20836263_G_A" 22 29 14
"chr3_2485026_C_T" 22 34 16
"chr3_28866840_A_G" 18 35 22
"chr3_29003432_C_G" 22 34 15
"chr3_29627439_G_A" 15 29 20
"chr3_30622622_C_G" 18 27 24
"chr3_3321471_C_T" 17 46 20
"chr3_34611722_C_T" 25 41 18
"chr3_34758621_C_T" 24 26 19
"chr3_36105780_G_A" 13 32 9
"chr3_36870383_G_A" 16 33 17
"chr3_37442816_C_A" 17 28 29
"chr3_37600172_A_T" 15 38 20
"chr3_38981780_G_A" 19 22 25
"chr3_39357211_A_G" 22 30 20
"chr3_42003020_G_A" 16 25 9
"chr3_42949398_G_T" 20 31 16
"chr3_4420280_A_C" 23 27 14
"chr3_46276495_T_C" 22 37 20
"chr3_49041114_C_T" 20 30 10
"chr3_50303004_G_C" 22 36 16
"chr3_51243163_G_A" 39 32 22
"chr3_54552746_G_A" 27 31 14
"chr3_54981366_A_G" 16 37 11
"chr3_56315034_C_T" 15 35 13
"chr3_58905716_T_C" 18 36 20
"chr3_59419165_C_T" 22 35 20
"chr3_5985299_C_T" 15 34 23
"chr3_6119887_A_T" 13 40 24
"chr3_6229027_T_G" 27 26 20
"chr3_62302123_T_C" 20 43 15
"chr3_65336145_C_T" 18 38 14
"chr3_65762401_G_A" 19 33 19
"chr3_66207104_G_T" 13 23 20
"chr3_6650586_C_T" 17 48 19
"chr3_67512810_A_T" 18 26 17
"chr3_67978279_A_G" 20 35 22
"chr3_69240626_G_T" 10 29 34
"chr3_7110431_T_C" 19 27 18
"chr3_72178282_T_C" 20 25 17
"chr3_73769620_G_T" 20 35 18
"chr3_74251286_C_T" 17 29 18
"chr3_74862676_C_T" 20 32 17
"chr3_75132161_G_A" 22 29 22
"chr3_75142557_C_T" 28 33 27
"chr3_75925168_G_A" 17 32 26
"chr3_76214742_C_T" 25 32 17
"chr3_78098140_A_G" 23 31 22
"chr3_78376395_A_C" 17 44 14
"chr3_79778696_G_A" 22 28 20
"chr3_80528857_C_T" 20 37 16
"chr3_80574881_G_T" 21 41 19
"chr3_81029031_T_A" 30 35 19
"chr3_81934778_C_T" 11 45 23
"chr3_82306858_T_C" 27 34 13
"chr3_82552859_G_T" 21 41 13
"chr3_82560709_T_A" 21 28 17
"chr3_82652422_C_A" 21 27 15
"chr3_831927_G_T" 17 39 20
"chr3_83412671_C_G" 18 43 14
"chr3_83756348_C_A" 26 39 15
"chr3_84046885_G_A" 25 37 25
"chr3_84104904_G_A" 15 35 22
"chr3_84799832_C_A" 25 34 20
"chr3_86012556_C_T" 25 35 25
"chr3_870302_T_G" 18 35 11
"chr3_87680337_T_C" 19 28 13
"chr3_876889_G_A" 23 37 27
"chr3_89879738_C_T" 19 22 15
"chr3_90199702_G_T" 24 40 18
"chr3_90218781_C_T" 19 38 12
"chr3_93984995_G_A" 17 29 23
"chr3_94368481_T_C" 23 27 11
"chr3_95367905_C_T" 22 26 17
"chr3_95606416_T_A" 21 32 16
"chr3_95627867_G_T" 16 40 13
"chr3_98070831_A_G" 16 41 21
"chr4_10008296_G_T" 17 35 12
"chr4_103870254_C_T" 19 28 11
"chr4_104327172_G_A" 26 31 18
"chr4_104442722_C_T" 12 37 21
"chr4_104829757_T_C" 22 35 9
"chr4_105250029_T_G" 17 35 18
"chr4_105525458_T_C" 18 35 11
"chr4_106605697_A_C" 21 29 19
"chr4_108516663_A_G" 30 29 13
"chr4_109567254_C_T" 20 25 13
"chr4_116170431_G_A" 30 46 16
"chr4_116431155_A_G" 13 14 14
"chr4_116772570_C_T" 22 31 16
"chr4_119060307_C_G" 19 24 21
"chr4_119416694_C_T" 16 21 13
"chr4_119758772_C_G" 25 25 24
"chr4_120647533_C_T" 9 25 10
"chr4_126665164_C_T" 21 28 14
"chr4_127984519_C_G" 20 38 29
"chr4_128153924_T_C" 13 35 22
"chr4_128316041_A_T" 16 32 10
"chr4_128441467_T_G" 11 34 19
"chr4_129682704_A_T" 16 37 22
"chr4_129984681_T_C" 21 37 18
"chr4_130265910_C_T" 24 29 13
"chr4_130294688_T_C" 24 37 8
"chr4_130671192_C_T" 20 38 18
"chr4_131017617_A_C" 16 52 20
"chr4_131441270_G_T" 22 31 15
"chr4_131845766_T_A" 31 29 19
"chr4_132823773_G_T" 16 34 15
"chr4_133189208_T_A" 23 28 16
"chr4_133425837_A_G" 30 27 18
"chr4_133897499_T_G" 22 39 13
"chr4_134249956_T_G" 26 54 20
"chr4_134558223_C_T" 15 27 14
"chr4_135570547_C_T" 29 34 24
"chr4_135705991_C_T" 19 34 17
"chr4_135900958_A_T" 18 49 19
"chr4_136306722_G_A" 26 50 14
"chr4_136618050_G_A" 20 40 15
"chr4_136755386_C_T" 12 29 10
"chr4_136764793_G_T" 24 30 16
"chr4_137652399_G_A" 20 31 18
"chr4_137961233_C_A" 20 39 11
"chr4_138469909_G_T" 25 34 23
"chr4_13945457_G_T" 18 24 15
"chr4_139472592_A_C" 14 39 20
"chr4_140659189_T_C" 17 45 13
"chr4_142074372_T_C" 30 38 22
"chr4_143978220_A_G" 14 35 11
"chr4_144114195_G_A" 20 26 11
"chr4_144309661_G_A" 21 46 12
"chr4_145342368_A_G" 15 29 18
"chr4_146571007_A_G" 23 31 15
"chr4_149933538_C_A" 21 25 15
"chr4_150361679_C_T" 13 40 16
"chr4_152594732_C_A" 17 27 23
"chr4_15270534_A_G" 16 20 16
"chr4_154926542_G_C" 13 36 16
"chr4_154974594_G_A" 13 41 19
"chr4_156016121_A_C" 25 29 20
"chr4_156291523_A_G" 24 30 22
"chr4_156842261_T_C" 16 26 20
"chr4_157112609_C_T" 21 32 15
"chr4_158917032_C_T" 22 40 16
"chr4_159193329_A_G" 17 26 22
"chr4_159546078_G_A" 22 35 20
"chr4_160690060_A_T" 24 30 22
"chr4_160809161_C_A" 22 35 17
"chr4_161107329_T_A" 19 30 10
"chr4_16130052_A_G" 15 23 18
"chr4_161502095_G_A" 15 38 20
"chr4_1623661_C_A" 23 36 26
"chr4_163195260_G_A" 30 20 23
"chr4_163442485_G_T" 20 37 24
"chr4_16368134_G_A" 22 33 14
"chr4_163912658_C_A" 21 30 13
"chr4_165265552_A_G" 19 18 16
"chr4_1657930_C_T" 24 39 31
"chr4_168562612_G_A" 18 26 24
"chr4_169619763_G_C" 26 28 19
"chr4_169846449_C_T" 18 37 10
"chr4_170522290_G_A" 13 25 15
"chr4_170642762_G_A" 25 45 19
"chr4_170706214_A_T" 19 24 13
"chr4_170734785_G_A" 25 32 10
"chr4_171039621_C_T" 20 33 17
"chr4_171779819_A_G" 22 43 17
"chr4_171782754_T_A" 21 34 17
"chr4_172740699_C_A" 13 41 28
"chr4_174683570_C_A" 26 30 20
"chr4_175198490_T_C" 22 39 20
"chr4_175525942_C_A" 25 43 13
"chr4_175558072_G_A" 27 41 16
"chr4_175630071_G_A" 22 38 13
"chr4_175743635_T_A" 23 40 12
"chr4_175942591_G_A" 24 36 22
"chr4_177104231_G_T" 15 35 9
"chr4_177265591_G_C" 17 40 19
"chr4_177980369_A_T" 14 31 23
"chr4_179304954_G_A" 21 28 15
"chr4_179522136_C_T" 19 39 14
"chr4_179538496_C_T" 33 37 20
"chr4_179986215_G_C" 27 39 18
"chr4_180025811_T_A" 24 32 16
"chr4_180666159_G_A" 18 31 14
"chr4_180753216_C_G" 19 34 11
"chr4_181000168_C_T" 14 23 16
"chr4_182440654_G_A" 25 36 16
"chr4_183636583_G_A" 24 32 18
"chr4_183765352_C_T" 17 28 13
"chr4_186329529_G_A" 25 64 30
"chr4_187068425_C_T" 15 29 10
"chr4_187339054_C_G" 15 38 20
"chr4_187376834_G_A" 21 30 12
"chr4_188033805_G_C" 13 27 27
"chr4_188441306_A_T" 11 18 19
"chr4_188863005_C_T" 23 32 21
"chr4_19072491_G_A" 20 34 18
"chr4_1938258_A_G" 22 31 19
"chr4_20160115_C_T" 17 28 21
"chr4_20161809_C_T" 22 42 21
"chr4_20516645_A_C" 18 36 18
"chr4_20990540_C_T" 24 42 18
"chr4_21138033_G_A" 21 30 14
"chr4_21465918_A_C" 14 38 14
"chr4_21952285_G_A" 19 32 10
"chr4_22027461_A_G" 20 41 15
"chr4_22472119_C_A" 16 37 14
"chr4_22759847_A_T" 22 31 17
"chr4_25550629_G_T" 23 30 19
"chr4_27282806_G_T" 16 30 23
"chr4_27579651_A_G" 15 40 12
"chr4_28116783_G_A" 19 41 14
"chr4_28428472_T_C" 18 33 14
"chr4_29160229_T_A" 25 30 18
"chr4_29856288_A_C" 22 43 11
"chr4_30216041_A_T" 29 35 15
"chr4_30453349_C_T" 20 31 14
"chr4_30491213_T_C" 18 33 19
"chr4_31087805_C_G" 27 46 19
"chr4_31839541_G_A" 22 28 16
"chr4_32172626_G_T" 20 29 24
"chr4_33835461_G_A" 13 43 18
"chr4_34227646_T_C" 18 34 25
"chr4_34252820_C_T" 13 30 15
"chr4_34489972_G_A" 25 37 22
"chr4_35882073_T_C" 29 32 21
"chr4_35925048_G_A" 16 40 16
"chr4_36482787_G_T" 33 29 18
"chr4_37031918_G_A" 16 25 17
"chr4_37267032_G_A" 24 35 22
"chr4_38671176_T_G" 24 26 14
"chr4_39808619_G_C" 21 17 17
"chr4_39808692_G_T" 25 18 22
"chr4_4097619_G_A" 19 43 17
"chr4_41653747_C_T" 25 39 10
"chr4_42692752_C_T" 22 29 9
"chr4_44095654_A_G" 17 46 18
"chr4_46065968_C_T" 20 24 12
"chr4_46104015_G_A" 21 34 14
"chr4_46142815_T_G" 29 40 24
"chr4_46448638_G_T" 17 43 15
"chr4_46524169_G_T" 22 31 19
"chr4_46524789_G_T" 27 39 19
"chr4_46725142_G_C" 24 33 15
"chr4_47356977_T_G" 21 31 16
"chr4_47520451_G_A" 18 25 17
"chr4_49075099_G_A" 17 38 29
"chr4_51993843_T_C" 18 45 18
"chr4_52480543_A_G" 14 31 18
"chr4_53658314_T_A" 19 26 20
"chr4_53716198_A_G" 17 39 19
"chr4_54876881_G_A" 22 26 9
"chr4_54894369_C_T" 21 30 20
"chr4_55097775_A_G" 24 24 23
"chr4_55392426_G_A" 17 28 14
"chr4_55685895_A_C" 22 30 14
"chr4_55962029_A_G" 17 30 12
"chr4_56611481_C_T" 18 35 20
"chr4_57867766_C_T" 15 32 21
"chr4_58104059_T_C" 19 45 15
"chr4_59001312_G_T" 26 34 19
"chr4_60297463_T_A" 22 37 17
"chr4_62934596_G_T" 17 36 27
"chr4_63506640_C_T" 16 22 9
"chr4_64005913_C_A" 20 35 15
"chr4_65071229_G_A" 13 44 15
"chr4_65210890_G_A" 19 36 21
"chr4_66070260_G_A" 19 43 22
"chr4_66467050_C_A" 17 32 14
"chr4_66918689_G_A" 24 35 10
"chr4_71569657_T_G" 20 38 17
"chr4_71593017_T_A" 24 13 12
"chr4_7279815_C_A" 17 35 20
"chr4_7887356_G_C" 17 40 18
"chr4_80087341_A_T" 13 39 9
"chr4_82313682_C_A" 15 27 21
"chr4_8310862_T_C" 23 23 17
"chr4_84144902_C_T" 20 35 14
"chr4_85273225_G_C" 16 28 14
"chr4_86097967_A_C" 18 41 17
"chr4_91807472_A_G" 19 35 21
"chr4_92443682_G_A" 19 20 13
"chr4_93801375_T_A" 22 30 15
"chr4_94069721_T_C" 21 56 15
"chr4_95284930_G_A" 28 29 14
"chr4_95793359_C_A" 28 36 13
"chr4_96001261_G_A" 23 35 22
"chr4_97708114_C_T" 13 30 22
"chr5_100060812_C_T" 19 17 7
"chr5_100239899_C_T" 18 23 14
"chr5_100860389_C_T" 15 38 25
"chr5_10127525_C_T" 15 32 23
"chr5_101308769_G_T" 19 40 17
"chr5_101705779_G_A" 18 39 31
"chr5_101866115_A_G" 14 37 25
"chr5_102228910_C_T" 30 28 24
"chr5_103115404_G_A" 26 42 10
"chr5_103813172_A_T" 17 30 19
"chr5_104211031_T_G" 26 29 23
"chr5_104806574_G_A" 9 39 18
"chr5_105657662_T_C" 19 49 16
"chr5_105760887_T_A" 22 55 24
"chr5_106119256_A_C" 20 19 17
"chr5_107750028_T_C" 14 31 17
"chr5_108657309_A_T" 18 25 21
"chr5_11028270_G_A" 16 40 16
"chr5_110744932_A_C" 18 28 24
"chr5_1115630_G_C" 22 27 15
"chr5_112955517_A_G" 18 27 10
"chr5_114001134_C_T" 20 38 9
"chr5_114040922_C_T" 20 38 20
"chr5_114131614_T_C" 19 29 29
"chr5_114286417_C_A" 26 30 13
"chr5_115667933_C_T" 19 39 29
"chr5_11661664_A_C" 26 27 23
"chr5_117462745_G_A" 28 30 20
"chr5_118223027_G_A" 25 25 19
"chr5_119222126_A_G" 24 22 11
"chr5_119739052_C_G" 17 28 22
"chr5_120149356_C_T" 19 30 22
"chr5_120432235_G_A" 19 29 22
"chr5_120828405_G_A" 28 34 17
"chr5_121974171_C_G" 23 33 22
"chr5_126486151_C_T" 20 40 11
"chr5_126524803_C_A" 24 37 21
"chr5_127123340_C_A" 25 26 22
"chr5_127784687_A_G" 18 32 23
"chr5_129356184_G_A" 15 26 18
"chr5_129453496_G_A" 22 37 12
"chr5_130503274_G_T" 16 39 14
"chr5_130798868_C_G" 22 39 24
"chr5_131049689_C_A" 24 37 9
"chr5_13322419_C_T" 17 34 19
"chr5_135648014_C_T" 16 29 20
"chr5_136916913_A_G" 17 33 21
"chr5_138294322_G_C" 14 21 20
"chr5_140551844_A_G" 17 21 19
"chr5_140999978_G_A" 11 26 19
"chr5_141009409_A_G" 31 38 12
"chr5_142624200_G_A" 23 28 27
"chr5_142678993_A_G" 22 29 30
"chr5_144970508_T_C" 18 36 18
"chr5_146894353_T_G" 13 30 23
"chr5_147231315_T_C" 18 30 22
"chr5_150233352_C_A" 21 50 19
"chr5_150273431_T_G" 18 36 23
"chr5_150898086_C_T" 14 40 29
"chr5_155259493_G_T" 17 35 17
"chr5_156163269_A_G" 17 29 17
"chr5_15771959_C_T" 19 30 13
"chr5_158088433_G_A" 21 36 19
"chr5_158088590_A_G" 20 24 17
"chr5_158314291_T_C" 18 30 19
"chr5_15869783_G_A" 17 31 11
"chr5_15973379_C_T" 18 23 16
"chr5_16029243_G_T" 23 26 14
"chr5_162253734_G_A" 15 34 15
"chr5_162829869_C_A" 19 35 11
"chr5_162832419_C_G" 21 26 19
"chr5_163706483_A_C" 11 51 17
"chr5_166051138_C_T" 29 37 17
"chr5_167916169_G_A" 17 33 20
"chr5_168854233_A_G" 14 24 15
"chr5_169411582_G_A" 16 29 27
"chr5_169766498_G_A" 18 34 21
"chr5_172305651_A_G" 19 38 18
"chr5_172725465_C_A" 19 28 23
"chr5_17275785_C_T" 23 35 19
"chr5_173072331_A_T" 13 20 7
"chr5_174300199_G_A" 27 32 23
"chr5_175242136_G_T" 17 29 26
"chr5_175838128_G_A" 17 33 16
"chr5_176131248_A_T" 24 28 19
"chr5_177746696_A_C" 13 25 11
"chr5_17837066_C_T" 20 41 26
"chr5_179651520_T_A" 18 20 16
"chr5_179742952_A_G" 23 35 18
"chr5_180414481_A_G" 13 45 21
"chr5_180874038_T_A" 18 29 13
"chr5_19402790_T_A" 16 29 14
"chr5_19599699_G_A" 14 27 17
"chr5_20404966_T_C" 17 45 16
"chr5_20686331_G_T" 27 32 16
"chr5_20907586_G_A" 24 34 26
"chr5_22593785_G_T" 23 29 14
"chr5_23675650_G_A" 18 45 21
"chr5_23732763_C_T" 24 39 15
"chr5_24114932_G_A" 21 31 21
"chr5_24474383_C_A" 16 46 17
"chr5_24734799_G_A" 19 28 12
"chr5_25055370_G_A" 16 33 13
"chr5_25085983_C_T" 10 32 18
"chr5_25597927_T_C" 23 31 15
"chr5_25695449_G_T" 24 38 11
"chr5_25817308_G_A" 20 32 21
"chr5_25982387_C_T" 22 38 27
"chr5_26300116_A_T" 13 28 26
"chr5_26988696_A_G" 26 27 12
"chr5_27001775_A_G" 16 33 28
"chr5_28105928_A_G" 26 25 22
"chr5_28389044_G_T" 16 32 14
"chr5_2865303_C_T" 22 26 17
"chr5_29989649_A_C" 11 31 8
"chr5_30232655_A_G" 23 39 13
"chr5_31220910_G_T" 27 26 26
"chr5_3133397_C_T" 14 35 19
"chr5_31410268_A_T" 23 32 22
"chr5_31981545_C_A" 20 40 18
"chr5_32776506_G_T" 22 32 18
"chr5_32819915_T_A" 18 34 19
"chr5_33110081_T_A" 25 39 16
"chr5_33634976_C_T" 23 39 16
"chr5_3483953_T_C" 19 33 19
"chr5_35892712_A_G" 17 40 14
"chr5_36656331_A_G" 23 33 21
"chr5_3742360_C_A" 25 46 11
"chr5_38046457_G_A" 13 23 22
"chr5_38287260_C_T" 19 33 28
"chr5_39103683_G_A" 15 32 21
"chr5_40128275_A_T" 16 34 21
"chr5_4152631_T_C" 7 40 18
"chr5_41729469_C_T" 13 32 20
"chr5_42296375_C_T" 18 36 14
"chr5_42841010_C_T" 16 25 16
"chr5_4336113_G_A" 19 29 11
"chr5_44382302_C_G" 24 31 18
"chr5_44483868_C_T" 19 36 22
"chr5_44497022_C_A" 15 30 23
"chr5_44965860_C_A" 24 38 17
"chr5_45038273_T_C" 24 25 20
"chr5_46112212_C_A" 25 37 12
"chr5_4745190_C_T" 16 29 19
"chr5_51860310_A_G" 17 35 19
"chr5_52376039_A_G" 13 32 19
"chr5_53034232_T_G" 14 25 23
"chr5_54759068_T_A" 16 33 25
"chr5_5685247_G_T" 18 36 14
"chr5_58868239_T_G" 24 28 23
"chr5_59149440_G_T" 19 30 18
"chr5_60123273_C_G" 21 43 21
"chr5_60572509_T_G" 22 23 14
"chr5_61533739_A_G" 17 34 24
"chr5_62060887_C_T" 38 36 21
"chr5_6328033_A_T" 23 30 17
"chr5_63397003_T_G" 19 38 23
"chr5_63724304_T_C" 13 32 25
"chr5_64078148_C_T" 21 36 25
"chr5_66898992_A_G" 14 30 15
"chr5_67198482_T_C" 17 20 24
"chr5_7226969_G_A" 15 29 21
"chr5_73386880_G_A" 23 28 34
"chr5_7475539_G_A" 20 32 14
"chr5_74757615_G_C" 23 22 14
"chr5_74958570_A_G" 28 32 16
"chr5_7601462_G_A" 18 23 16
"chr5_77031619_C_T" 20 21 25
"chr5_78337198_G_T" 24 44 18
"chr5_79644542_G_A" 17 28 17
"chr5_79855243_C_T" 22 30 21
"chr5_79955586_G_A" 13 34 25
"chr5_80018798_T_C" 17 34 21
"chr5_81836194_C_A" 24 32 20
"chr5_82611860_C_A" 14 38 15
"chr5_8313917_C_T" 24 26 7
"chr5_83645271_A_T" 23 40 23
"chr5_83817250_A_C" 20 26 12
"chr5_83900597_C_T" 16 25 24
"chr5_84110827_G_T" 13 30 26
"chr5_8469930_C_G" 16 35 18
"chr5_84765502_T_C" 20 26 27
"chr5_84783047_A_G" 19 33 11
"chr5_858643_C_T" 16 20 20
"chr5_86286613_C_A" 14 44 22
"chr5_8721340_T_A" 20 48 13
"chr5_87557721_T_C" 16 31 10
"chr5_87671398_G_A" 19 26 13
"chr5_87726905_C_A" 22 35 14
"chr5_89042684_C_A" 18 34 17
"chr5_90077920_G_A" 14 24 16
"chr5_90307138_A_G" 23 32 25
"chr5_91653443_C_T" 20 30 15
"chr5_91826265_C_A" 18 52 20
"chr5_9306960_C_T" 17 30 26
"chr5_9346729_C_T" 15 38 16
"chr5_93644889_C_T" 24 30 15
"chr5_94799814_C_T" 18 36 16
"chr5_97636285_A_G" 25 37 23
"chr5_9778030_G_A" 13 29 15
"chr5_98219609_G_C" 14 31 19
"chr5_99865653_A_C" 21 43 21
"chr6_100164647_G_A" 20 43 14
"chr6_101019183_T_G" 21 37 15
"chr6_102116373_C_T" 21 36 23
"chr6_102363117_G_T" 27 35 15
"chr6_102394343_A_T" 26 49 14
"chr6_102796121_G_T" 19 31 16
"chr6_103228595_G_T" 22 36 18
"chr6_103598267_T_G" 26 29 15
"chr6_103661547_C_T" 21 27 18
"chr6_105247656_C_T" 19 39 27
"chr6_106021162_T_C" 24 25 21
"chr6_106806864_C_T" 23 31 22
"chr6_106833993_T_A" 14 42 23
"chr6_107595480_T_C" 14 30 13
"chr6_108740808_C_T" 26 33 24
"chr6_111606973_G_A" 21 37 14
"chr6_11275567_T_C" 13 31 21
"chr6_112810431_C_T" 23 35 13
"chr6_113111800_G_A" 23 33 11
"chr6_114796224_T_C" 19 35 14
"chr6_115063521_T_C" 16 34 19
"chr6_115562427_G_A" 26 42 13
"chr6_116608410_T_A" 7 24 18
"chr6_117288368_G_T" 23 32 18
"chr6_118109157_G_A" 21 32 14
"chr6_118167099_G_A" 26 28 17
"chr6_120563115_C_T" 24 41 18
"chr6_120626557_A_T" 26 38 18
"chr6_122174848_T_A" 21 28 11
"chr6_124339367_C_T" 33 26 16
"chr6_124897823_A_G" 34 32 17
"chr6_125081299_C_T" 21 46 22
"chr6_125312554_C_A" 17 32 18
"chr6_125491233_G_T" 21 32 28
"chr6_125538919_G_A" 17 36 16
"chr6_125781786_G_T" 16 36 26
"chr6_126058022_A_T" 15 32 14
"chr6_12900391_C_T" 26 43 17
"chr6_129016958_C_T" 17 23 12
"chr6_130344420_C_T" 22 33 14
"chr6_130347519_A_G" 21 31 19
"chr6_131796521_G_A" 26 25 24
"chr6_138572200_T_C" 15 23 21
"chr6_138841543_G_A" 21 19 9
"chr6_140106192_G_A" 21 22 17
"chr6_141212546_G_T" 29 26 27
"chr6_142032347_C_T" 19 35 11
"chr6_14528068_G_A" 14 28 25
"chr6_146076254_C_T" 31 31 15
"chr6_146197154_G_T" 17 39 16
"chr6_149189451_A_G" 19 36 29
"chr6_150601126_G_A" 15 22 27
"chr6_15088702_C_T" 10 30 12
"chr6_152165988_A_G" 25 22 28
"chr6_152286259_G_A" 18 32 29
"chr6_152778376_G_A" 28 41 20
"chr6_153192769_C_A" 24 40 16
"chr6_153423311_C_A" 27 37 19
"chr6_154924976_C_T" 21 39 17
"chr6_155987505_T_A" 19 34 21
"chr6_157043980_C_G" 27 31 20
"chr6_159511774_T_C" 23 11 18
"chr6_160884279_G_T" 17 27 24
"chr6_161539319_A_C" 22 42 23
"chr6_162521789_T_C" 14 34 12
"chr6_164695592_G_A" 15 40 17
"chr6_16508335_T_C" 23 26 22
"chr6_165883038_C_A" 12 37 26
"chr6_167892633_C_T" 19 32 20
"chr6_168714547_T_A" 20 32 21
"chr6_169219922_G_A" 21 31 16
"chr6_169792147_G_A" 14 26 16
"chr6_170326003_G_A" 29 32 13
"chr6_19586019_A_G" 14 27 17
"chr6_19757293_C_A" 20 41 24
"chr6_20488088_G_A" 19 37 16
"chr6_20635185_G_C" 16 23 22
"chr6_21321144_C_T" 18 41 20
"chr6_2293021_A_T" 18 25 14
"chr6_23156391_C_A" 17 37 21
"chr6_24963675_A_G" 24 41 13
"chr6_26532956_T_C" 29 29 20
"chr6_27186727_G_A" 15 29 20
"chr6_29095571_C_T" 29 37 14
"chr6_29835293_C_T" 25 22 20
"chr6_3224689_G_A" 19 31 16
"chr6_38261010_G_T" 18 37 13
"chr6_40147442_C_T" 20 27 16
"chr6_41459352_T_A" 21 34 24
"chr6_4739722_G_A" 15 25 16
"chr6_48132322_T_C" 26 36 15
"chr6_48338355_C_A" 16 33 23
"chr6_50432551_C_T" 21 29 19
"chr6_5260892_G_A" 22 29 22
"chr6_53905388_A_G" 17 23 14
"chr6_55110850_T_A" 23 38 16
"chr6_55154452_C_T" 20 31 20
"chr6_55595317_G_A" 20 36 21
"chr6_56242313_C_T" 16 36 21
"chr6_60611236_T_C" 17 35 20
"chr6_60901862_A_T" 28 37 11
"chr6_61734771_A_G" 28 28 19
"chr6_6177250_G_A" 14 32 20
"chr6_62748490_C_A" 18 18 10
"chr6_63337121_C_T" 31 18 12
"chr6_64773327_C_A" 23 36 11
"chr6_65005597_C_T" 20 30 16
"chr6_65071656_G_T" 21 28 16
"chr6_65999617_C_T" 16 35 26
"chr6_66691924_C_T" 19 36 22
"chr6_66917216_T_G" 26 38 29
"chr6_67079103_G_A" 19 38 17
"chr6_67251804_G_A" 16 36 17
"chr6_67844986_C_T" 17 27 15
"chr6_68277852_C_T" 18 30 28
"chr6_68599642_G_A" 18 28 16
"chr6_68622494_A_G" 11 25 15
"chr6_68622514_G_A" 12 23 14
"chr6_68789775_C_A" 25 31 21
"chr6_69068153_G_A" 33 41 18
"chr6_69259477_C_T" 30 26 9
"chr6_69455095_C_T" 13 33 24
"chr6_70785216_C_G" 20 35 21
"chr6_74089810_G_A" 16 26 17
"chr6_7474050_C_T" 24 31 16
"chr6_77254820_G_T" 18 35 28
"chr6_77351622_G_A" 18 26 15
"chr6_77858107_A_G" 16 44 19
"chr6_77873965_T_C" 24 22 16
"chr6_78057440_G_C" 27 39 17
"chr6_79334446_G_A" 19 37 26
"chr6_80180837_C_T" 28 26 15
"chr6_81018893_C_T" 19 24 18
"chr6_81312533_C_T" 33 32 17
"chr6_81357856_A_G" 23 38 19
"chr6_83746027_G_T" 24 27 16
"chr6_83818662_T_C" 24 34 24
"chr6_84152276_G_C" 12 22 21
"chr6_85372464_G_A" 13 28 28
"chr6_87234573_A_T" 21 32 15
"chr6_87423310_G_A" 14 19 12
"chr6_87891655_A_G" 29 52 17
"chr6_9007586_G_A" 19 26 27
"chr6_90856401_A_G" 19 36 27
"chr6_91290691_C_G" 25 32 13
"chr6_91932058_A_C" 16 32 15
"chr6_93005191_G_A" 19 35 28
"chr6_93031427_G_T" 28 45 15
"chr6_93198672_C_T" 26 42 18
"chr6_93951002_G_T" 18 31 27
"chr6_94524946_T_G" 17 52 16
"chr6_94604530_C_T" 25 32 20
"chr6_94875671_T_A" 26 33 26
"chr6_95632082_G_A" 16 30 16
"chr6_95986959_T_C" 29 28 15
"chr6_96167320_A_G" 20 39 21
"chr6_97816411_T_C" 19 34 18
"chr6_98128535_C_G" 23 39 18
"chr6_98157318_C_T" 14 34 19
"chr6_98547717_G_A" 26 28 17
"chr6_98624151_C_T" 21 31 20
"chr7_100918868_G_T" 15 30 24
"chr7_10168346_A_T" 13 15 13
"chr7_101838948_C_T" 31 32 26
"chr7_102716520_C_T" 8 30 8
"chr7_10361586_C_A" 22 42 20
"chr7_106562384_C_A" 16 20 12
"chr7_10669691_G_T" 13 32 12
"chr7_110319020_C_T" 12 24 14
"chr7_110319025_A_G" 11 21 14
"chr7_11137452_T_G" 12 31 24
"chr7_111772588_T_C" 11 37 26
"chr7_111952559_T_G" 13 38 14
"chr7_114242573_A_C" 28 41 20
"chr7_1145386_C_A" 10 14 21
"chr7_114668031_T_A" 21 34 25
"chr7_11734464_G_A" 17 35 22
"chr7_11735003_T_A" 14 36 15
"chr7_117551778_A_G" 19 32 16
"chr7_118440570_T_C" 13 43 14
"chr7_118545510_A_T" 20 46 10
"chr7_118902040_T_A" 24 25 16
"chr7_119389887_G_T" 17 24 16
"chr7_119470794_C_T" 18 35 15
"chr7_120847853_C_T" 22 39 18
"chr7_12218730_A_G" 20 28 23
"chr7_122416743_G_A" 17 32 18
"chr7_125937321_C_T" 25 26 11
"chr7_129833578_C_T" 15 22 21
"chr7_131922027_C_A" 19 24 23
"chr7_133757255_A_G" 16 27 17
"chr7_134725867_A_G" 12 31 16
"chr7_13612338_G_A" 19 34 18
"chr7_138428950_T_A" 11 27 13
"chr7_138468083_C_T" 28 39 27
"chr7_138771534_G_A" 20 24 7
"chr7_139781638_C_A" 24 29 20
"chr7_141058293_C_T" 14 38 18
"chr7_142200787_G_A" 19 33 19
"chr7_142599025_A_G" 21 25 17
"chr7_142608819_G_A" 28 23 10
"chr7_145347482_G_A" 30 18 10
"chr7_145679845_G_A" 19 37 15
"chr7_145772389_G_A" 13 29 22
"chr7_14892554_T_C" 20 31 19
"chr7_149422513_G_T" 17 24 18
"chr7_14972683_A_G" 27 30 22
"chr7_151423002_G_A" 29 38 15
"chr7_151474968_A_G" 19 31 18
"chr7_151500544_T_C" 17 40 24
"chr7_152922971_T_C" 14 31 25
"chr7_154753555_G_A" 13 33 19
"chr7_157330397_G_A" 16 33 17
"chr7_158232302_A_G" 18 35 23
"chr7_17666294_G_T" 17 26 26
"chr7_17959631_A_T" 16 41 14
"chr7_18168615_C_A" 18 37 31
"chr7_18288594_T_G" 23 28 17
"chr7_18386085_G_A" 25 27 25
"chr7_19280187_T_A" 28 39 22
"chr7_20036707_T_C" 23 37 11
"chr7_21333403_A_T" 15 37 9
"chr7_22990434_T_C" 23 39 22
"chr7_23187463_G_T" 14 28 23
"chr7_23533647_G_T" 20 25 19
"chr7_25221268_T_C" 17 38 16
"chr7_26887779_G_A" 22 30 18
"chr7_26979383_T_C" 15 43 16
"chr7_27391092_T_A" 16 29 15
"chr7_27487048_C_T" 28 38 19
"chr7_28582110_C_A" 27 34 15
"chr7_30497061_T_C" 22 36 21
"chr7_32056584_A_G" 22 36 23
"chr7_34329453_G_A" 10 25 17
"chr7_34760828_A_G" 15 43 17
"chr7_35913307_A_G" 14 28 24
"chr7_36143321_C_T" 14 32 26
"chr7_36476973_G_A" 23 30 19
"chr7_37945373_C_T" 28 43 17
"chr7_38434521_C_T" 28 38 15
"chr7_38517930_C_T" 15 26 21
"chr7_39452888_T_A" 24 26 17
"chr7_40769147_C_T" 28 39 15
"chr7_41113078_G_A" 14 28 16
"chr7_41283278_T_A" 17 39 21
"chr7_41635120_C_T" 10 35 12
"chr7_41889794_G_A" 18 35 27
"chr7_44235237_C_T" 15 34 24
"chr7_44381163_C_G" 22 26 19
"chr7_46004239_G_T" 29 27 16
"chr7_46257951_G_A" 27 37 16
"chr7_49064592_A_T" 15 31 13
"chr7_49884044_G_T" 25 47 13
"chr7_50599765_T_C" 18 20 18
"chr7_52822462_C_A" 19 23 17
"chr7_53397396_G_A" 29 28 14
"chr7_53548401_C_T" 18 30 22
"chr7_54117117_C_A" 22 30 21
"chr7_54281590_G_A" 15 25 21
"chr7_54549550_C_T" 20 38 19
"chr7_54554655_C_T" 21 30 15
"chr7_54890993_C_A" 21 30 18
"chr7_55838084_C_A" 13 41 19
"chr7_56738148_G_A" 24 37 19
"chr7_56776971_G_T" 20 23 21
"chr7_56994334_C_A" 17 37 24
"chr7_57247507_C_G" 21 42 15
"chr7_62456448_G_A" 26 37 17
"chr7_62950889_C_A" 17 31 13
"chr7_62999349_G_A" 19 40 18
"chr7_6303886_A_T" 17 40 26
"chr7_63840570_G_A" 15 25 15
"chr7_64216021_C_T" 25 28 17
"chr7_64675777_T_C" 24 22 25
"chr7_65614873_C_T" 19 38 21
"chr7_65614892_G_A" 16 32 22
"chr7_67903206_G_A" 11 38 14
"chr7_69422059_C_A" 15 40 14
"chr7_71515316_G_A" 19 29 18
"chr7_72290332_C_A" 20 30 14
"chr7_73344546_C_T" 20 33 15
"chr7_73716333_G_C" 19 33 12
"chr7_75438052_G_A" 18 32 12
"chr7_77702688_G_A" 18 33 20
"chr7_78095255_C_A" 25 35 20
"chr7_79062162_A_G" 20 38 18
"chr7_7923160_T_C" 15 41 18
"chr7_79903589_C_T" 18 36 22
"chr7_8071998_A_T" 18 40 20
"chr7_81403462_G_T" 22 36 16
"chr7_815840_C_A" 26 30 17
"chr7_81918525_C_T" 24 32 30
"chr7_82187821_C_T" 27 35 20
"chr7_8323550_G_A" 16 34 14
"chr7_83711883_G_A" 19 37 21
"chr7_8453339_C_G" 28 26 21
"chr7_85197872_C_T" 22 42 23
"chr7_86078431_G_A" 21 33 17
"chr7_86419079_G_A" 25 29 17
"chr7_86928724_C_T" 25 23 21
"chr7_87833318_T_C" 18 34 19
"chr7_88617773_C_T" 16 28 19
"chr7_89321824_A_G" 24 30 17
"chr7_89839662_A_C" 13 28 15
"chr7_92253934_T_G" 21 23 19
"chr7_93124081_G_A" 15 27 20
"chr7_93204762_A_T" 16 36 17
"chr7_94152542_C_T" 17 27 20
"chr7_94238220_G_T" 26 25 17
"chr8_100373669_A_C" 19 41 24
"chr8_101429695_A_T" 27 36 20
"chr8_101484159_G_T" 19 26 23
"chr8_103415546_G_T" 15 28 26
"chr8_103480072_C_G" 23 38 7
"chr8_103581511_T_C" 19 35 31
"chr8_103899154_C_G" 27 38 16
"chr8_104730495_C_T" 14 22 17
"chr8_105975399_A_T" 14 29 18
"chr8_106337922_A_T" 25 38 15
"chr8_107183043_C_A" 12 23 14
"chr8_107613055_G_A" 21 29 14
"chr8_107699427_C_T" 27 33 21
"chr8_107834548_A_G" 28 31 13
"chr8_109333470_A_T" 19 32 20
"chr8_109413085_A_C" 14 35 15
"chr8_110783231_T_C" 20 27 15
"chr8_110791430_T_C" 14 29 15
"chr8_111066933_G_A" 30 33 24
"chr8_111724484_C_T" 21 39 19
"chr8_111839355_C_A" 18 32 20
"chr8_111995024_A_T" 19 27 20
"chr8_113146837_C_T" 26 35 18
"chr8_113285117_C_A" 25 38 17
"chr8_113532472_C_T" 26 32 17
"chr8_114272826_T_A" 24 29 13
"chr8_114602626_G_A" 26 34 21
"chr8_114919212_A_G" 20 39 23
"chr8_116111762_T_A" 14 35 16
"chr8_116171165_T_C" 18 31 17
"chr8_117765709_G_A" 21 26 18
"chr8_117850773_A_G" 17 19 23
"chr8_118638486_T_A" 13 35 21
"chr8_119900243_C_A" 19 21 22
"chr8_120992689_A_G" 21 24 17
"chr8_122773856_C_T" 19 25 24
"chr8_123116730_T_C" 26 28 21
"chr8_126297088_G_C" 16 43 13
"chr8_127643048_T_C" 23 43 12
"chr8_129467813_C_T" 18 32 17
"chr8_1323526_C_T" 18 29 9
"chr8_132517635_G_C" 17 30 21
"chr8_133642804_C_T" 26 35 20
"chr8_13409842_A_T" 23 26 14
"chr8_134392316_G_A" 22 37 23
"chr8_135125102_G_A" 12 34 24
"chr8_135230248_G_A" 28 26 20
"chr8_135606466_G_A" 19 28 14
"chr8_136444552_T_A" 14 32 14
"chr8_136545378_T_G" 21 34 16
"chr8_136555329_C_T" 15 36 24
"chr8_136797084_G_T" 15 34 19
"chr8_137021337_G_T" 24 36 23
"chr8_137232356_T_A" 20 40 19
"chr8_137911710_T_A" 24 38 15
"chr8_138652373_G_T" 16 50 16
"chr8_138717438_C_T" 18 29 16
"chr8_13886051_T_A" 23 17 19
"chr8_139469475_C_T" 20 42 15
"chr8_139488804_T_A" 24 34 24
"chr8_141838692_A_G" 20 40 13
"chr8_141884196_G_A" 13 52 22
"chr8_14286494_G_A" 22 31 21
"chr8_14747990_C_G" 24 35 19
"chr8_14779563_G_A" 19 38 14
"chr8_15305942_C_A" 25 43 15
"chr8_15387045_C_T" 16 34 14
"chr8_1552624_G_A" 23 35 20
"chr8_15940398_A_G" 19 37 17
"chr8_16041470_T_A" 22 42 20
"chr8_16102899_G_A" 15 22 12
"chr8_16850200_C_T" 15 19 18
"chr8_17233550_A_G" 16 29 19
"chr8_19557591_A_C" 16 32 25
"chr8_20265707_G_T" 11 16 16
"chr8_20516355_T_C" 24 39 13
"chr8_20828222_A_G" 21 32 25
"chr8_21055582_C_T" 19 35 16
"chr8_22168366_G_A" 22 31 16
"chr8_22497535_A_G" 26 33 21
"chr8_25665499_T_C" 18 34 25
"chr8_25678602_A_G" 17 24 10
"chr8_2700821_C_T" 21 36 25
"chr8_28692471_T_C" 24 43 14
"chr8_29386201_T_C" 17 28 17
"chr8_30267378_T_C" 24 38 12
"chr8_31767201_C_A" 26 30 21
"chr8_3261842_C_T" 26 27 12
"chr8_33662087_T_A" 16 33 26
"chr8_34462361_C_T" 14 35 14
"chr8_34861835_G_T" 20 24 17
"chr8_35490223_C_T" 24 28 19
"chr8_35562015_C_G" 14 34 19
"chr8_35901207_C_T" 27 30 18
"chr8_36498044_C_G" 25 37 23
"chr8_36553477_G_T" 18 28 17
"chr8_36713152_G_A" 20 29 29
"chr8_36811883_G_T" 18 27 24
"chr8_39186660_A_G" 21 32 14
"chr8_39960940_G_A" 16 33 18
"chr8_42817419_G_A" 14 30 15
"chr8_46483997_G_A" 31 39 22
"chr8_46859305_C_T" 9 35 26
"chr8_46966898_G_A" 14 31 17
"chr8_47326924_C_T" 27 30 26
"chr8_4732825_G_A" 29 27 24
"chr8_48236339_G_A" 17 27 13
"chr8_48611269_A_G" 22 35 14
"chr8_48818696_G_A" 9 20 16
"chr8_50389009_T_C" 26 29 14
"chr8_51038089_G_A" 24 50 20
"chr8_51296510_C_T" 27 42 19
"chr8_51493545_C_T" 20 33 22
"chr8_52206529_C_T" 35 39 22
"chr8_52289464_C_T" 17 32 15
"chr8_53297293_C_T" 20 30 23
"chr8_54696501_T_C" 24 41 22
"chr8_55840445_A_T" 16 32 17
"chr8_5589970_G_A" 25 26 22
"chr8_56639086_C_T" 17 30 14
"chr8_57142920_G_A" 27 28 25
"chr8_57372345_A_C" 15 37 20
"chr8_57869216_T_C" 12 39 19
"chr8_61102391_A_G" 24 23 21
"chr8_62380154_C_A" 28 36 13
"chr8_62380155_T_G" 24 33 13
"chr8_63559152_C_T" 17 37 23
"chr8_63613964_C_T" 12 35 19
"chr8_64090170_C_T" 18 38 20
"chr8_65055631_G_A" 20 40 14
"chr8_65159833_T_C" 15 27 31
"chr8_67229132_T_C" 15 33 23
"chr8_67494309_G_A" 26 22 30
"chr8_68007461_A_G" 15 41 17
"chr8_68112202_G_T" 15 23 8
"chr8_69380176_C_T" 34 35 14
"chr8_70405157_G_T" 16 38 16
"chr8_71764558_G_A" 21 38 20
"chr8_72441937_C_T" 24 33 19
"chr8_73198959_C_T" 16 22 12
"chr8_73510457_A_T" 25 27 19
"chr8_74780773_C_T" 23 34 18
"chr8_75126209_C_T" 20 42 16
"chr8_75139119_A_T" 18 31 15
"chr8_76104888_C_T" 20 47 21
"chr8_76178314_C_A" 18 40 18
"chr8_76623683_A_T" 11 36 22
"chr8_77982463_G_A" 21 32 19
"chr8_79216896_C_T" 17 44 23
"chr8_79226266_C_A" 18 28 17
"chr8_82052073_T_A" 22 26 16
"chr8_82433750_A_T" 15 42 18
"chr8_82636449_C_T" 17 47 13
"chr8_82877022_C_T" 20 28 17
"chr8_82958355_G_A" 17 39 10
"chr8_84229349_G_A" 23 37 18
"chr8_84576386_A_C" 20 28 12
"chr8_86752031_G_A" 26 30 20
"chr8_87057144_G_A" 19 27 14
"chr8_88042603_A_G" 17 35 19
"chr8_88154773_C_T" 6 24 15
"chr8_88451990_C_T" 14 34 24
"chr8_88586792_G_T" 26 39 22
"chr8_89250172_C_T" 25 31 17
"chr8_89889864_C_A" 18 38 13
"chr8_90885396_A_T" 16 24 20
"chr8_90935361_T_A" 16 24 16
"chr8_91300006_G_C" 19 39 18
"chr8_91991684_G_A" 20 29 22
"chr8_93239729_G_A" 24 44 18
"chr8_95414752_G_A" 17 34 23
"chr8_95468873_C_T" 20 32 17
"chr8_96065394_C_A" 21 35 24
"chr8_96177143_A_G" 23 42 17
"chr8_98878900_T_C" 16 21 23
"chr8_99775993_G_A" 28 34 16
"chr9_100522684_C_T" 16 29 22
"chr9_100648674_G_A" 18 32 23
"chr9_100684085_G_A" 16 29 12
"chr9_100877643_A_G" 27 34 23
"chr9_102131712_C_T" 9 37 12
"chr9_102250694_C_G" 28 19 17
"chr9_10302140_C_T" 23 35 16
"chr9_103631263_C_T" 11 18 12
"chr9_106237369_C_T" 22 36 19
"chr9_110990231_T_C" 21 37 17
"chr9_111074528_C_A" 19 29 13
"chr9_11130430_A_G" 19 28 15
"chr9_11144170_C_A" 19 26 21
"chr9_113369839_G_T" 18 35 20
"chr9_113369840_G_A" 18 35 20
"chr9_11556533_T_G" 21 37 17
"chr9_115711247_C_T" 17 37 17
"chr9_115816960_G_T" 27 33 18
"chr9_118074614_T_C" 16 29 18
"chr9_118452977_G_A" 25 30 23
"chr9_118476682_C_T" 22 49 19
"chr9_119443598_G_T" 20 34 23
"chr9_119480200_G_A" 26 30 22
"chr9_12061209_G_A" 13 36 10
"chr9_121447363_G_A" 23 27 20
"chr9_122215378_T_G" 19 29 14
"chr9_123817657_T_A" 16 18 18
"chr9_124806220_A_T" 16 30 18
"chr9_12576815_G_T" 19 44 27
"chr9_126128782_G_A" 16 37 18
"chr9_126711766_G_A" 21 38 16
"chr9_134843418_C_T" 26 28 12
"chr9_138058636_C_T" 21 23 23
"chr9_13894766_C_T" 16 32 20
"chr9_15641183_T_C" 20 34 24
"chr9_1590041_G_A" 15 29 16
"chr9_16783597_G_C" 13 36 17
"chr9_20317645_C_G" 17 34 15
"chr9_21692616_C_A" 17 31 26
"chr9_22197064_C_T" 21 28 16
"chr9_22876734_T_A" 23 38 20
"chr9_24497512_G_T" 21 35 15
"chr9_24564244_C_T" 20 15 21
"chr9_24564287_C_T" 23 19 22
"chr9_24779271_T_A" 20 31 19
"chr9_24997107_T_A" 24 46 16
"chr9_24997127_T_C" 25 44 15
"chr9_29135536_T_C" 16 18 11
"chr9_29967105_T_C" 20 31 23
"chr9_31184983_G_A" 16 39 14
"chr9_347376_C_A" 20 36 17
"chr9_39091467_G_T" 19 35 13
"chr9_5374284_C_T" 16 29 15
"chr9_63568463_G_A" 19 41 19
"chr9_66868331_G_A" 14 25 15
"chr9_69047934_T_C" 18 22 20
"chr9_69521682_T_C" 24 31 20
"chr9_71347033_G_A" 26 38 17
"chr9_71580491_A_G" 20 30 21
"chr9_71746694_C_A" 22 26 28
"chr9_73231737_C_T" 24 34 16
"chr9_73799235_G_A" 14 37 17
"chr9_73886843_C_A" 17 29 22
"chr9_74672491_C_T" 21 25 17
"chr9_75486725_T_C" 21 32 30
"chr9_75524737_G_T" 19 32 20
"chr9_76046676_T_A" 20 24 21
"chr9_76482510_G_T" 17 25 16
"chr9_76513669_T_C" 27 26 17
"chr9_79049315_C_A" 16 30 24
"chr9_79427486_G_T" 19 35 20
"chr9_7972756_A_C" 16 32 17
"chr9_80799402_A_G" 20 35 12
"chr9_80804537_C_T" 19 31 20
"chr9_81968025_G_A" 24 29 21
"chr9_82041779_C_A" 19 20 19
"chr9_82389095_G_A" 25 40 25
"chr9_82938624_A_G" 12 19 19
"chr9_84820012_A_G" 19 25 14
"chr9_85598831_T_G" 23 29 17
"chr9_8620295_C_T" 18 29 20
"chr9_86656235_C_T" 30 34 20
"chr9_87391801_A_C" 15 40 18
"chr9_87796489_A_G" 19 41 15
"chr9_88298109_A_T" 22 30 18
"chr9_88817826_G_T" 20 22 23
"chr9_90627606_G_T" 15 35 17
"chr9_91073436_T_G" 19 35 18
"chr9_96420499_G_A" 15 37 31
"chr9_97826833_C_T" 26 36 21
"chrX_100045601_C_A" 22 29 15
"chrX_100160209_T_C" 11 39 32
"chrX_100500342_T_C" 24 36 21
"chrX_10465781_G_T" 18 24 23
"chrX_105046040_A_C" 17 31 15
"chrX_105212013_G_A" 14 44 17
"chrX_107098772_G_T" 23 33 17
"chrX_107349415_G_A" 20 28 16
"chrX_108494857_C_T" 21 32 17
"chrX_1089728_G_A" 16 39 18
"chrX_109268628_G_A" 19 37 18
"chrX_110231665_A_G" 12 38 22
"chrX_112228358_T_C" 25 44 15
"chrX_11282519_C_G" 18 34 18
"chrX_113120894_C_T" 24 30 21
"chrX_115044720_C_A" 12 33 17
"chrX_115375446_G_C" 18 32 24
"chrX_117075253_C_T" 20 30 9
"chrX_118549592_C_T" 15 37 17
"chrX_118894012_G_T" 21 37 19
"chrX_11892167_C_T" 24 39 26
"chrX_118930798_T_C" 14 35 21
"chrX_119094819_C_T" 11 28 16
"chrX_1196758_G_A" 17 31 22
"chrX_119987421_C_T" 15 16 24
"chrX_12108251_A_G" 17 35 15
"chrX_121225074_G_A" 12 34 20
"chrX_121636686_G_A" 21 38 29
"chrX_122265740_T_C" 15 41 13
"chrX_123193595_T_A" 22 40 12
"chrX_12326231_T_C" 12 39 13
"chrX_12377711_C_T" 24 24 25
"chrX_124245532_T_G" 13 48 15
"chrX_124492511_T_A" 20 37 23
"chrX_125190507_G_A" 24 41 22
"chrX_125938558_A_C" 16 33 17
"chrX_125954400_G_A" 18 35 23
"chrX_127133127_G_A" 12 28 16
"chrX_127679202_G_A" 22 33 16
"chrX_128179297_G_A" 25 23 19
"chrX_129010653_T_C" 13 28 14
"chrX_129412557_C_T" 20 40 17
"chrX_131174347_G_C" 23 38 24
"chrX_131966273_A_G" 13 36 21
"chrX_132952170_G_A" 15 28 20
"chrX_133504790_G_A" 11 22 19
"chrX_133985634_G_C" 14 26 11
"chrX_134843092_C_T" 15 25 18
"chrX_137466478_C_T" 21 31 19
"chrX_137610598_G_C" 25 36 25
"chrX_138340141_T_G" 21 35 16
"chrX_140142459_C_G" 23 32 17
"chrX_140311360_A_C" 16 37 18
"chrX_140471017_C_T" 18 42 19
"chrX_141396822_G_T" 17 26 20
"chrX_141931091_T_C" 14 44 7
"chrX_142107375_C_T" 17 35 23
"chrX_142239469_C_T" 14 29 11
"chrX_142874910_G_T" 30 43 12
"chrX_143320321_G_T" 17 23 15
"chrX_143322033_A_G" 21 33 17
"chrX_143552293_G_T" 17 35 18
"chrX_144279343_G_A" 30 50 22
"chrX_144689935_C_T" 24 31 19
"chrX_145965644_A_G" 18 33 26
"chrX_146109375_T_A" 26 38 26
"chrX_146504976_G_A" 22 26 13
"chrX_147381830_C_A" 16 34 15
"chrX_148156198_G_A" 21 30 26
"chrX_148179750_T_C" 18 28 14
"chrX_148331354_G_A" 17 30 22
"chrX_149057310_C_T" 16 42 21
"chrX_150602448_C_A" 16 22 20
"chrX_150664293_G_A" 26 39 29
"chrX_151106678_A_G" 13 31 18
"chrX_155027831_A_G" 15 32 23
"chrX_17086955_C_G" 22 46 16
"chrX_1794648_G_A" 14 23 32
"chrX_18083840_C_A" 20 31 24
"chrX_18953673_A_G" 27 33 18
"chrX_19667515_G_A" 10 22 21
"chrX_20028674_G_A" 20 23 25
"chrX_21362820_G_A" 19 28 26
"chrX_22651267_A_G" 25 35 18
"chrX_23332354_G_A" 24 27 19
"chrX_23414808_G_A" 24 30 27
"chrX_24205146_A_T" 23 26 16
"chrX_25003668_C_T" 19 21 8
"chrX_25058566_G_A" 16 33 11
"chrX_25522345_C_T" 24 29 22
"chrX_26635104_T_A" 20 35 20
"chrX_26711572_G_A" 25 35 10
"chrX_26749157_T_A" 20 30 13
"chrX_27124500_C_G" 23 25 14
"chrX_27233886_T_C" 25 39 14
"chrX_27348364_A_G" 21 39 16
"chrX_27780719_G_A" 16 37 12
"chrX_29811240_A_G" 17 36 20
"chrX_30100019_T_A" 26 43 18
"chrX_31931225_G_A" 21 23 24
"chrX_33445051_G_A" 18 29 15
"chrX_33545895_A_G" 13 28 21
"chrX_33767085_T_C" 15 26 21
"chrX_34760556_A_G" 16 29 19
"chrX_34771982_C_A" 24 27 17
"chrX_34794993_C_A" 25 24 6
"chrX_35875142_G_T" 23 41 22
"chrX_36151123_A_G" 16 27 19
"chrX_37788173_G_T" 12 32 11
"chrX_38115211_G_A" 27 27 19
"chrX_39331074_A_T" 21 34 21
"chrX_39485337_G_A" 12 32 25
"chrX_39972714_C_T" 24 32 16
"chrX_40307217_G_T" 21 24 25
"chrX_4051716_G_A" 23 42 20
"chrX_40831167_T_C" 14 33 16
"chrX_4150052_A_C" 15 36 27
"chrX_4150061_A_C" 16 34 27
"chrX_41701297_C_A" 20 35 15
"chrX_43078469_G_A" 24 44 22
"chrX_43313291_C_T" 16 25 23
"chrX_44947097_A_T" 18 23 20
"chrX_44966641_G_T" 12 31 21
"chrX_46408892_C_T" 27 38 18
"chrX_48152448_T_A" 22 34 25
"chrX_49214299_C_A" 24 36 14
"chrX_50057294_A_T" 21 22 20
"chrX_50089936_T_C" 14 25 18
"chrX_51346242_C_T" 18 38 18
"chrX_5162523_C_T" 20 30 22
"chrX_51973049_G_A" 20 29 16
"chrX_53590203_C_T" 15 28 18
"chrX_55270312_C_T" 14 33 16
"chrX_5533766_G_A" 19 37 17
"chrX_55375258_T_C" 22 33 17
"chrX_55897363_C_T" 8 31 18
"chrX_55919954_C_A" 21 24 15
"chrX_56179112_A_T" 17 31 19
"chrX_57290063_A_T" 11 23 15
"chrX_57370733_A_G" 16 32 17
"chrX_57501875_G_A" 16 36 28
"chrX_63877180_A_T" 14 37 20
"chrX_650207_G_A" 26 27 28
"chrX_6522688_G_A" 18 35 16
"chrX_65267686_A_G" 16 26 27
"chrX_65766658_A_G" 25 39 19
"chrX_66274225_C_T" 15 25 20
"chrX_66791581_C_A" 19 25 20
"chrX_66877915_T_C" 20 20 14
"chrX_68698167_C_T" 17 28 20
"chrX_70088460_C_G" 17 24 14
"chrX_70498500_A_C" 17 29 22
"chrX_71492465_C_T" 24 29 21
"chrX_74147090_C_T" 22 33 16
"chrX_74577657_G_A" 21 30 17
"chrX_77065135_C_T" 16 39 21
"chrX_7858369_G_A" 13 31 20
"chrX_78762845_T_A" 20 33 12
"chrX_80510169_T_C" 21 34 14
"chrX_80743899_T_C" 13 26 14
"chrX_80883087_A_C" 24 20 16
"chrX_81061206_A_T" 18 35 11
"chrX_81710279_C_T" 16 33 17
"chrX_82655807_A_G" 18 39 17
"chrX_8323387_C_G" 17 31 20
"chrX_85756216_C_G" 27 34 18
"chrX_86310305_A_T" 15 31 16
"chrX_86919471_G_A" 16 22 11
"chrX_8702354_C_A" 20 28 21
"chrX_87050364_C_T" 24 30 20
"chrX_87229389_T_A" 17 38 16
"chrX_87560405_C_A" 25 28 16
"chrX_88809180_G_A" 23 41 18
"chrX_88934180_C_A" 19 39 23
"chrX_8929930_G_T" 15 31 18
"chrX_90379412_G_A" 11 21 13
"chrX_91179702_C_T" 17 30 16
"chrX_91226752_G_A" 15 35 21
"chrX_91743344_C_T" 15 24 12
"chrX_93401440_T_C" 15 32 22
"chrX_95375139_C_T" 17 37 16
"chrX_95548505_G_A" 12 26 20
"chrX_95574173_G_T" 20 37 20
"chrX_95912610_C_T" 21 30 17
"chrX_95934588_A_G" 24 37 18
"chrX_96265376_C_A" 25 34 19
"chrX_96903999_T_C" 17 33 11
"chrX_9848749_T_A" 22 22 24
"chrX_98633986_C_T" 17 34 14
"chrX_99025011_G_A" 22 37 8
