"PD45518d_lo0002" "PD45518d_lo0025" "PD45518d_lo0037" "PD45518d_lo0038" "PD45518d_lo0042"
"chr1_187174300_AC_A" 50 54 38 59 24
"chr1_205538916_C_CT" 59 43 42 42 19
"chr1_213405443_G_GA" 66 43 29 39 29
"chr1_50497888_A_AT" 64 48 51 48 26
"chr10_28884180_TC_T" 74 49 68 56 35
"chr10_28884903_GTC_G" 76 33 34 36 24
"chr10_56194411_A_AT" 75 21 55 60 60
"chr10_59652624_TA_T" 68 41 76 44 35
"chr10_65257611_C_CA" 64 27 48 33 14
"chr11_116625036_A_AT" 52 70 32 54 32
"chr11_130498721_T_TG" 51 33 30 30 32
"chr11_42606917_C_CA" 39 53 55 51 25
"chr11_62635792_AT_A" 55 49 52 29 20
"chr11_71328230_A_AT" 69 56 42 37 44
"chr11_82690257_AC_A" 50 68 27 45 26
"chr12_28857821_AGAACTGGAGGG_A" 68 62 27 50 32
"chr12_75780300_AG_A" 65 51 37 46 25
"chr12_78578852_G_GA" 63 47 37 25 19
"chr12_99280192_A_ATG" 23 19 4 30 12
"chr13_37019827_A_AT" 59 47 52 38 24
"chr13_44975146_AGACCTTCGGATGTT_A" 62 80 71 44 32
"chr13_46569160_TTTAGTGA_T" 42 21 29 26 18
"chr14_64056982_CT_C" 55 44 37 50 39
"chr14_67623534_CTTTTT_C" 28 19 20 6 15
"chr14_99337608_TAAG_T" 43 66 29 45 42
"chr15_38451796_C_CT" 60 45 31 63 33
"chr15_49120327_AAAAAC_A" 42 29 42 47 40
"chr15_54530581_AT_A" 59 43 30 56 48
"chr15_75961104_G_GTATCTATGATAGAATACAGTGTGAGTTTCATAAATAT" 43 46 61 23 21
"chr15_77362820_G_GA" 56 62 50 27 48
"chr16_46919268_A_ACCCTCCTGCCGG" 59 49 20 45 21
"chr16_6481645_CCATTTT_C" 64 75 30 74 56
"chr16_70803160_A_AT" 51 25 36 31 27
"chr16_84122217_G_GA" 58 51 28 31 31
"chr17_44307181_G_GA" 61 30 39 9 33
"chr17_52155492_CTG_C" 57 46 54 63 31
"chr17_82704312_CG_C" 65 31 41 27 18
"chr18_11031426_G_GA" 51 36 16 20 34
"chr18_26463415_C_CA" 49 32 35 20 35
"chr18_27824797_GA_G" 46 44 32 35 43
"chr18_61722024_T_TA" 58 53 39 37 37
"chr18_65377727_GT_G" 66 57 35 38 39
"chr19_13392210_C_CA" 80 52 36 54 45
"chr19_3819852_C_CAAAAGAAAAAAAAA" 38 17 23 30 26
"chr19_44200567_A_AAT" 55 43 34 43 20
"chr2_102635798_CAT_C" 34 39 31 29 18
"chr2_114924779_C_CA" 42 43 29 36 25
"chr2_161847249_G_GT" 43 41 21 29 25
"chr2_188735470_AT_A" 52 70 49 27 30
"chr2_199593314_CT_C" 63 41 36 32 24
"chr2_221984534_TACTACATCAGA_T" 72 52 47 30 52
"chr2_231558979_G_GA" 36 49 24 22 19
"chr2_237615846_ACC_A" 47 45 49 17 33
"chr2_239943339_C_CT" 49 45 39 46 25
"chr2_40970561_CT_C" 37 57 53 50 53
"chr2_43190043_G_GC" 45 43 11 26 49
"chr2_4663264_GT_G" 53 52 42 41 51
"chr2_69873825_TGG_T" 59 43 33 64 42
"chr2_73339135_T_TA" 47 26 51 40 42
"chr20_11037676_AAG_A" 34 39 13 20 15
"chr20_49110270_GA_G" 62 62 42 41 38
"chr21_22544587_CA_C" 51 40 34 51 31
"chr21_22999430_T_TTA" 49 58 46 43 50
"chr22_17771108_C_CT" 62 32 55 38 18
"chr22_31935859_G_GCCACTGTA" 29 12 18 12 21
"chr22_34526519_TG_T" 67 46 44 59 44
"chr3_143333441_TTTG_T" 33 36 31 13 31
"chr3_185742496_G_GA" 55 33 17 24 42
"chr3_38087277_CACACCATCCATCAGCACTG_C" 56 24 30 41 9
"chr3_47978375_T_TGGTGCAACCTCGGCTC" 46 34 23 27 41
"chr3_60947274_T_TA" 51 55 42 54 45
"chr3_854000_GGA_G" 72 27 61 32 28
"chr3_99906087_C_CGGGGGCTGAGGTGGGA" 51 34 24 29 21
"chr4_100089644_G_GT" 58 54 37 59 37
"chr4_102759695_AT_A" 67 54 61 30 36
"chr4_12970333_AAT_A" 69 37 35 52 47
"chr4_135587777_ATT_A" 67 42 26 60 44
"chr4_171968148_AT_A" 68 41 39 32 28
"chr4_30129186_TCTCCCTCCCTC_T" 53 56 66 51 37
"chr4_68079099_TA_T" 43 37 22 41 15
"chr4_85751187_G_GT" 75 51 40 56 55
"chr4_86709070_TAC_T" 43 37 36 24 19
"chr5_10521112_C_CA" 23 18 30 14 12
"chr5_117771871_CAAAG_C" 58 51 16 52 50
"chr5_122378384_GTTGT_G" 27 32 30 27 11
"chr5_156799559_G_GT" 72 45 55 58 53
"chr5_166755124_CTTTTTTTT_C" 17 19 30 19 8
"chr5_181142136_AAAGGGGAGCTTT_A" 68 44 58 64 38
"chr5_27291650_AAG_A" 55 37 54 38 20
"chr5_35193416_TG_T" 68 39 39 29 28
"chr5_36412952_G_GA" 53 31 28 32 32
"chr5_671367_CCTT_C" 53 37 31 35 25
"chr6_134566516_C_CT" 45 43 41 54 33
"chr6_139948408_AATC_A" 34 49 47 54 30
"chr6_162354918_G_GT" 40 53 72 55 41
"chr6_37619183_GC_G" 65 46 24 41 39
"chr6_45830274_CATTT_C" 66 50 32 52 27
"chr6_6156168_T_TA" 58 52 27 27 34
"chr6_62257532_CAT_C" 60 51 51 35 49
"chr7_107622941_AT_A" 59 31 26 29 31
"chr7_20055245_TC_T" 40 41 53 33 36
"chr7_46283405_GGT_G" 28 31 7 26 30
"chr7_57946410_A_AT" 44 43 42 27 33
"chr7_9990989_T_TA" 57 46 34 55 58
"chr8_108630161_CA_C" 60 39 46 28 31
"chr8_12573641_A_AT" 144 102 74 141 110
"chr9_129819942_AT_A" 5 16 23 19 8
"chr9_131639737_AC_A" 48 42 51 35 18
"chr9_84146200_AT_A" 57 43 25 31 42
"chrX_105044414_T_TA" 73 36 12 26 14
"chrX_122002172_G_GT" 54 50 25 34 34
"chrX_132508290_AAAT_A" 3 33 24 6 22
"chrX_134780421_CA_C" 61 25 26 85 26
"chrX_14662377_A_AT" 52 48 33 48 31
"chrX_154043408_T_TA" 52 35 40 41 25
"chrX_26530699_A_AAT" 13 41 27 18 16
"chrX_26747902_TA_T" 61 50 32 55 41
"chrX_3099651_CACTGTA_C" 54 50 56 79 50
"chrX_34518144_A_AT" 45 54 59 71 39
"chrX_48439317_T_TA" 59 39 22 37 33
"chrX_74771821_C_CTG" 61 37 30 27 42
"chrX_91444362_C_CT" 48 45 36 36 25
