"PD45518d_lo0002" "PD45518d_lo0025" "PD45518d_lo0037" "PD45518d_lo0038" "PD45518d_lo0042"
"chr1_100242428_A_C" 0 0 4 0 0
"chr1_101073829_T_A" 0 0 5 0 0
"chr1_106091012_A_G" 0 0 0 8 0
"chr1_106163332_C_T" 0 0 0 0 5
"chr1_107320984_G_A" 0 0 8 0 0
"chr1_113262661_C_T" 0 0 0 9 0
"chr1_114952650_C_T" 0 0 0 0 8
"chr1_115253576_G_T" 0 0 0 7 0
"chr1_115283377_G_A" 0 0 4 0 0
"chr1_115877884_T_A" 0 0 0 4 0
"chr1_116079835_G_A" 0 0 4 0 0
"chr1_116808018_G_A" 0 0 0 7 0
"chr1_118513593_G_T" 0 0 0 0 6
"chr1_1196864_A_G" 0 0 0 6 0
"chr1_13962110_C_G" 0 6 0 0 0
"chr1_150776266_G_A" 0 6 0 0 0
"chr1_152116104_C_T" 0 6 0 0 0
"chr1_154272186_T_C" 0 0 0 0 5
"chr1_154509948_G_T" 0 0 0 0 4
"chr1_154918723_C_T" 0 0 4 0 0
"chr1_156540513_T_C" 0 7 0 0 1
"chr1_157448816_T_C" 0 0 0 0 4
"chr1_157494742_G_A" 0 0 0 0 6
"chr1_157759905_A_C" 0 0 8 0 0
"chr1_159111333_T_C" 0 6 0 0 0
"chr1_161961241_C_A" 0 0 0 0 5
"chr1_162434999_G_A" 0 4 0 0 0
"chr1_162949026_T_C" 0 0 0 5 0
"chr1_165088746_C_A" 0 4 0 0 0
"chr1_166041558_C_A" 0 4 0 0 0
"chr1_167770267_G_T" 0 0 10 0 0
"chr1_17100528_G_A" 0 1 5 0 0
"chr1_17124384_G_A" 0 6 0 0 0
"chr1_175321588_G_A" 0 0 7 15 4
"chr1_177100810_C_T" 0 0 0 0 4
"chr1_17752319_C_T" 0 0 0 7 0
"chr1_177668461_C_T" 0 0 0 0 4
"chr1_179385040_A_C" 0 0 0 0 5
"chr1_185756868_C_G" 0 0 7 0 0
"chr1_186123780_G_A" 0 5 0 0 0
"chr1_186708240_A_T" 0 0 0 6 0
"chr1_187244393_G_T" 0 0 0 5 0
"chr1_187755534_A_G" 0 0 0 0 4
"chr1_188047467_T_G" 0 4 0 0 0
"chr1_189076892_T_A" 0 0 5 0 0
"chr1_189960659_C_T" 0 0 0 0 4
"chr1_189976781_C_A" 0 0 10 0 0
"chr1_190657220_T_G" 0 0 0 10 0
"chr1_196217496_C_T" 0 0 6 0 0
"chr1_198754192_C_G" 0 0 0 5 0
"chr1_199876445_C_G" 0 0 0 4 0
"chr1_20160931_G_A" 0 4 0 0 0
"chr1_20240373_G_T" 0 0 0 6 0
"chr1_20329926_C_T" 0 0 0 0 12
"chr1_205548402_C_G" 4 0 0 0 0
"chr1_205877457_G_T" 0 0 0 4 0
"chr1_207430922_G_A" 0 0 8 0 0
"chr1_207899558_G_A" 0 0 0 7 0
"chr1_210379428_G_A" 0 0 5 0 0
"chr1_2118244_G_T" 0 0 4 0 0
"chr1_212818159_C_G" 0 0 0 0 4
"chr1_214134387_T_C" 0 0 0 8 0
"chr1_214675653_A_G" 6 0 5 13 6
"chr1_215282074_G_A" 0 0 5 0 0
"chr1_216973999_C_G" 0 0 0 0 4
"chr1_218412679_G_A" 0 0 0 0 7
"chr1_219696507_C_A" 0 0 7 0 0
"chr1_219718888_C_T" 0 0 4 0 0
"chr1_219962755_G_A" 0 0 0 7 0
"chr1_223365839_C_T" 0 0 0 11 0
"chr1_223469579_C_T" 0 0 0 6 0
"chr1_22472633_T_C" 0 0 5 0 0
"chr1_224786279_C_T" 0 0 4 0 0
"chr1_22549011_C_T" 0 0 0 9 0
"chr1_226418745_C_T" 0 7 0 0 0
"chr1_229531958_T_G" 0 0 0 5 0
"chr1_232889362_T_C" 0 5 0 0 0
"chr1_233185349_C_A" 0 0 0 4 0
"chr1_234539949_G_A" 0 6 0 0 0
"chr1_237036332_C_T" 0 0 0 0 5
"chr1_237189299_G_A" 0 0 4 0 0
"chr1_241792318_C_T" 0 0 0 4 0
"chr1_242204446_G_A" 0 1 0 0 4
"chr1_243527085_C_T" 0 0 0 0 5
"chr1_247383601_T_A" 0 5 0 0 0
"chr1_25944620_C_T" 0 0 0 4 0
"chr1_26355992_C_A" 0 0 0 0 4
"chr1_26519784_C_G" 0 5 0 0 0
"chr1_26949299_G_C" 0 0 0 6 0
"chr1_27241215_G_A" 0 0 0 7 0
"chr1_27587117_C_A" 0 8 0 0 0
"chr1_28148578_C_T" 0 0 5 0 0
"chr1_33647223_C_G" 0 0 5 0 0
"chr1_35278031_G_T" 0 0 0 5 0
"chr1_35696788_A_G" 0 4 0 0 0
"chr1_36738555_G_T" 0 0 0 6 0
"chr1_37674251_C_A" 0 0 0 7 0
"chr1_38664836_C_T" 0 0 0 8 0
"chr1_41311504_G_C" 0 0 0 5 0
"chr1_41344060_G_A" 0 4 0 0 0
"chr1_42014402_G_A" 0 0 0 6 0
"chr1_42711197_G_T" 0 1 0 4 0
"chr1_42912128_G_A" 0 0 0 0 6
"chr1_43353296_G_A" 0 0 0 4 0
"chr1_44224753_T_G" 0 0 0 10 0
"chr1_47032776_A_G" 0 4 0 0 0
"chr1_47240760_C_A" 0 0 4 0 0
"chr1_47772521_G_A" 0 0 7 0 0
"chr1_53295749_T_C" 0 4 0 0 0
"chr1_54299634_A_G" 0 0 0 0 5
"chr1_55881103_G_A" 0 0 0 0 4
"chr1_56246723_C_T" 0 0 0 5 0
"chr1_58225043_A_T" 0 0 9 0 0
"chr1_62268269_T_C" 0 0 9 0 0
"chr1_63569183_G_A" 0 0 0 10 0
"chr1_65792299_C_A" 0 0 0 4 0
"chr1_68126003_A_G" 0 0 0 5 0
"chr1_6975589_C_T" 0 0 0 0 5
"chr1_73013455_G_A" 0 0 0 4 0
"chr1_75836054_C_T" 0 0 4 0 0
"chr1_76135981_C_T" 6 0 0 0 0
"chr1_78745009_G_T" 0 0 7 0 0
"chr1_79907074_C_T" 0 5 0 0 0
"chr1_81088218_C_T" 0 0 0 9 0
"chr1_81579995_T_A" 0 0 0 8 0
"chr1_82273957_T_A" 0 0 0 5 0
"chr1_82753945_G_A" 0 0 0 0 8
"chr1_83748070_G_A" 0 0 0 0 8
"chr1_85059523_T_G" 0 6 0 0 0
"chr1_86043880_T_C" 0 0 0 12 0
"chr1_87918992_C_T" 0 0 0 0 5
"chr1_88573442_T_A" 0 0 0 0 4
"chr1_8894237_C_A" 0 0 5 0 0
"chr1_91305997_C_T" 0 0 0 8 0
"chr1_93917445_A_G" 0 0 0 0 4
"chr1_96199546_C_A" 0 0 4 0 0
"chr1_96395881_T_A" 0 0 5 0 0
"chr1_96483167_G_A" 0 0 0 0 5
"chr10_100808297_C_T" 0 0 9 5 6
"chr10_101518774_C_A" 0 0 0 5 0
"chr10_103455702_C_T" 0 0 7 0 0
"chr10_104229982_A_C" 0 0 6 0 0
"chr10_105600234_G_T" 0 0 4 0 0
"chr10_106023764_A_C" 0 0 0 0 6
"chr10_10688421_A_T" 0 0 0 0 5
"chr10_106886224_T_C" 0 0 0 0 8
"chr10_114200550_T_A" 0 8 0 0 0
"chr10_115188135_C_T" 0 0 5 0 0
"chr10_115992997_G_A" 0 18 0 0 0
"chr10_118978511_G_T" 0 0 0 0 4
"chr10_120154522_G_A" 0 0 0 0 4
"chr10_122857005_G_C" 0 4 0 0 0
"chr10_123038797_A_C" 0 0 6 0 0
"chr10_125099671_A_G" 0 9 0 0 0
"chr10_129289863_G_C" 0 0 0 7 0
"chr10_130164563_G_A" 0 5 0 0 0
"chr10_131074900_G_A" 0 0 4 0 0
"chr10_131237726_C_T" 0 6 0 0 0
"chr10_131273677_G_T" 0 0 8 0 0
"chr10_132261832_A_T" 0 0 0 9 0
"chr10_132742566_A_T" 0 4 0 0 0
"chr10_133510859_A_T" 0 9 0 0 0
"chr10_14785494_C_T" 0 0 0 4 0
"chr10_17908711_G_A" 0 0 0 8 0
"chr10_19249186_G_A" 0 0 0 0 6
"chr10_20460824_G_A" 0 0 5 0 0
"chr10_20501638_C_T" 0 0 6 0 0
"chr10_206277_T_G" 0 0 0 5 0
"chr10_21774999_G_T" 0 0 4 0 0
"chr10_24146378_C_A" 0 0 0 0 6
"chr10_25637634_G_A" 0 0 8 0 0
"chr10_27362245_G_T" 0 4 0 0 0
"chr10_28057432_G_T" 0 0 4 0 0
"chr10_28634192_G_A" 0 0 0 5 0
"chr10_31073508_C_T" 0 0 0 7 0
"chr10_32531293_T_G" 0 5 0 0 0
"chr10_34134187_G_A" 0 5 0 0 0
"chr10_34169662_C_T" 0 0 0 0 4
"chr10_35576256_A_C" 0 0 5 0 0
"chr10_37371462_G_T" 0 0 0 0 5
"chr10_38248095_C_T" 0 0 0 0 8
"chr10_38415556_G_A" 0 0 0 0 8
"chr10_38513579_G_A" 0 0 8 0 0
"chr10_3852548_C_T" 0 0 0 4 0
"chr10_38750536_A_C" 5 0 0 0 1
"chr10_39471580_C_T" 0 5 0 0 0
"chr10_42716739_C_T" 0 7 0 0 0
"chr10_44897763_T_C" 0 0 0 0 4
"chr10_48794805_C_G" 0 0 0 1 7
"chr10_49751590_G_A" 0 0 0 0 6
"chr10_5099904_C_G" 0 0 0 5 0
"chr10_51515335_C_A" 0 4 0 0 0
"chr10_53445159_G_A" 0 0 0 9 0
"chr10_54814261_T_G" 0 5 0 0 0
"chr10_54880792_T_C" 0 0 0 0 4
"chr10_56106070_C_G" 0 4 0 0 0
"chr10_56609217_T_A" 0 0 9 0 0
"chr10_57158239_G_A" 1 0 0 8 0
"chr10_57700690_A_G" 0 0 4 0 0
"chr10_59536162_C_T" 0 0 0 8 0
"chr10_60696456_G_C" 0 4 0 0 0
"chr10_63672009_T_A" 0 0 0 0 6
"chr10_64078081_C_T" 0 0 0 0 9
"chr10_66131210_C_G" 0 0 4 0 0
"chr10_66147192_G_T" 0 0 5 0 0
"chr10_67482477_G_A" 0 0 0 7 0
"chr10_68285586_G_T" 0 0 4 0 0
"chr10_72835167_T_C" 0 0 7 0 0
"chr10_7324618_G_T" 0 0 0 0 4
"chr10_74837771_G_T" 0 0 0 0 4
"chr10_7597459_G_T" 0 0 0 5 0
"chr10_77036891_A_G" 0 14 0 0 0
"chr10_77461476_G_T" 0 0 0 4 0
"chr10_77753849_C_T" 0 0 2 6 8
"chr10_7826688_G_A" 0 0 0 4 0
"chr10_78987691_C_T" 0 6 0 0 0
"chr10_80890408_T_A" 0 0 0 0 4
"chr10_82050973_C_T" 0 1 0 0 7
"chr10_82242920_G_A" 0 0 8 0 0
"chr10_82262797_C_T" 0 0 6 0 0
"chr10_84131692_G_A" 0 0 0 7 0
"chr10_85338486_C_T" 0 0 0 0 5
"chr10_8771646_C_T" 0 0 8 0 0
"chr10_88979265_A_C" 0 4 0 0 0
"chr10_9146937_G_C" 0 0 0 4 0
"chr10_93881358_A_G" 0 0 0 0 9
"chr10_95997284_C_A" 0 0 0 0 7
"chr10_96176297_G_C" 0 0 0 0 4
"chr10_98102356_C_T" 0 10 0 0 0
"chr11_100980375_C_A" 0 0 0 5 0
"chr11_101302134_C_T" 0 0 0 4 0
"chr11_103353204_A_G" 0 0 10 0 0
"chr11_103568760_G_C" 0 5 0 0 0
"chr11_104288152_C_T" 0 0 0 0 5
"chr11_10503331_A_G" 0 4 0 0 0
"chr11_105691712_G_A" 0 0 0 0 6
"chr11_109416169_C_A" 0 7 0 0 0
"chr11_112544406_T_C" 0 4 0 0 0
"chr11_114663039_G_T" 0 1 0 6 0
"chr11_11551993_C_T" 0 0 0 7 0
"chr11_116139499_C_T" 0 0 0 0 4
"chr11_116558438_G_T" 0 4 0 0 0
"chr11_118142420_G_A" 0 5 0 0 0
"chr11_118745365_G_T" 0 0 0 4 0
"chr11_119707687_T_A" 0 4 0 0 0
"chr11_120707805_T_C" 0 0 0 0 4
"chr11_121330918_T_C" 0 0 5 0 0
"chr11_125162237_G_A" 0 0 7 0 0
"chr11_127144552_G_A" 0 0 10 0 0
"chr11_127414238_G_A" 0 0 7 0 1
"chr11_130104354_G_A" 0 0 0 0 4
"chr11_131126369_C_T" 0 0 0 8 0
"chr11_131828441_C_T" 0 0 6 0 0
"chr11_1329150_C_A" 0 0 0 5 0
"chr11_13724812_T_A" 0 0 0 4 0
"chr11_15331983_C_T" 0 0 0 0 6
"chr11_15391834_C_A" 0 0 0 4 0
"chr11_16487434_T_G" 0 4 0 0 0
"chr11_18308627_T_C" 0 0 0 8 0
"chr11_19192866_G_C" 0 0 0 4 0
"chr11_19611277_C_T" 0 4 0 0 0
"chr11_20219493_G_A" 0 4 0 0 0
"chr11_20640295_G_A" 0 0 0 0 4
"chr11_20795923_G_A" 0 0 0 5 0
"chr11_20854709_A_G" 4 0 0 0 0
"chr11_20970026_G_A" 0 0 0 0 5
"chr11_20982327_G_T" 0 0 7 0 0
"chr11_21116719_G_A" 0 0 0 6 0
"chr11_21984166_C_T" 0 5 0 0 0
"chr11_22869399_A_C" 0 0 0 0 5
"chr11_26031894_C_T" 0 0 0 13 0
"chr11_27891422_G_T" 0 0 0 0 6
"chr11_28683628_C_T" 0 0 0 7 0
"chr11_29844469_C_A" 0 0 5 0 0
"chr11_30682408_T_C" 0 10 0 0 0
"chr11_31148329_G_A" 0 0 0 7 0
"chr11_32279684_C_A" 0 0 0 0 6
"chr11_34651935_A_G" 0 6 0 0 0
"chr11_34668843_A_T" 0 0 4 0 0
"chr11_36941752_A_T" 0 0 0 4 0
"chr11_37431223_G_A" 0 0 0 0 5
"chr11_39151974_C_A" 0 0 0 0 4
"chr11_39322420_C_T" 0 0 0 8 0
"chr11_39397568_A_C" 0 6 0 0 0
"chr11_39414955_C_T" 0 0 0 7 0
"chr11_39855206_G_A" 0 0 6 0 0
"chr11_40353700_C_T" 0 0 0 0 5
"chr11_40698355_C_T" 0 0 0 0 7
"chr11_40796937_C_T" 0 0 8 0 0
"chr11_41110959_T_A" 0 0 0 0 5
"chr11_41227678_C_G" 0 0 0 5 0
"chr11_42118410_C_G" 0 0 0 6 0
"chr11_43361562_A_T" 0 0 0 0 4
"chr11_43956188_C_G" 0 5 0 0 0
"chr11_45991958_G_A" 0 0 0 0 4
"chr11_4765941_C_T" 0 0 0 8 0
"chr11_48240965_G_A" 0 0 0 0 6
"chr11_48614770_G_T" 0 0 0 5 0
"chr11_49031843_C_T" 3 0 4 6 7
"chr11_49186347_A_T" 0 0 0 6 0
"chr11_49271169_C_T" 0 7 0 0 0
"chr11_5307318_A_G" 0 8 0 0 0
"chr11_5619555_G_A" 0 0 4 0 0
"chr11_56656341_A_G" 0 0 6 0 0
"chr11_56656342_T_A" 0 0 6 0 0
"chr11_58096774_G_A" 0 0 0 8 0
"chr11_58548895_T_C" 0 0 11 0 0
"chr11_62297592_G_A" 0 0 0 0 6
"chr11_62400422_T_C" 0 6 0 0 0
"chr11_62653721_G_T" 0 0 0 0 5
"chr11_62679550_T_G" 5 0 0 0 0
"chr11_63150173_C_A" 0 0 0 0 4
"chr11_67021687_G_A" 0 0 7 0 0
"chr11_67208256_A_T" 0 4 0 0 0
"chr11_67815813_G_A" 0 0 0 5 0
"chr11_6842618_C_A" 0 0 0 0 4
"chr11_6943635_A_G" 0 4 0 0 0
"chr11_70414749_T_A" 0 0 5 0 0
"chr11_71173275_T_C" 0 0 0 6 0
"chr11_71410533_A_T" 0 0 0 6 0
"chr11_71843255_G_A" 0 0 0 0 9
"chr11_72373345_G_A" 0 0 0 7 0
"chr11_74473412_C_T" 0 0 4 0 0
"chr11_76247406_C_T" 0 0 0 9 0
"chr11_76874954_C_T" 0 0 0 8 0
"chr11_78605569_G_A" 0 0 0 11 0
"chr11_79561043_C_T" 0 0 13 0 0
"chr11_8076028_G_A" 1 9 0 0 0
"chr11_82167104_C_A" 0 0 9 0 0
"chr11_82640309_A_G" 0 0 0 0 5
"chr11_87624180_C_T" 0 5 0 0 0
"chr11_88260512_C_T" 0 13 0 0 0
"chr11_88476810_A_T" 0 0 5 0 0
"chr11_88603261_C_A" 0 0 5 0 0
"chr11_88984236_C_T" 0 0 0 6 0
"chr11_89039567_C_T" 0 5 0 0 0
"chr11_92004433_A_G" 0 0 6 0 0
"chr11_92295688_C_G" 0 4 0 0 0
"chr11_97180952_G_C" 0 7 0 0 0
"chr11_97290695_G_A" 0 0 0 0 6
"chr11_97604938_G_T" 0 0 0 0 7
"chr11_98865721_C_T" 0 4 0 0 0
"chr12_100614060_T_G" 0 6 0 0 0
"chr12_104776574_C_T" 0 0 0 0 10
"chr12_105673858_C_T" 0 0 4 0 0
"chr12_106714816_T_C" 0 0 0 4 0
"chr12_107579812_G_T" 0 0 0 6 0
"chr12_108549159_C_T" 0 0 8 0 0
"chr12_108586281_G_A" 0 0 7 1 0
"chr12_109816607_G_A" 0 0 0 0 10
"chr12_111109225_G_A" 0 0 11 0 0
"chr12_112100776_C_T" 0 8 0 0 0
"chr12_113307200_C_A" 0 4 0 0 0
"chr12_11336600_G_T" 0 5 0 0 0
"chr12_116165050_G_T" 0 0 6 0 0
"chr12_116309921_T_A" 0 0 0 10 0
"chr12_119198055_C_T" 0 7 0 0 0
"chr12_119893534_G_A" 0 0 6 0 0
"chr12_120691606_G_A" 0 0 0 0 5
"chr12_121873951_C_A" 0 0 0 0 4
"chr12_122975548_T_G" 4 0 0 0 0
"chr12_125336669_G_A" 0 0 8 1 0
"chr12_125533197_A_G" 0 4 0 0 0
"chr12_126123479_G_T" 0 0 0 0 5
"chr12_12625118_G_A" 0 9 0 0 0
"chr12_126822993_T_C" 0 6 0 0 0
"chr12_127698993_C_T" 0 7 0 0 0
"chr12_127922999_G_T" 0 0 0 4 0
"chr12_128059835_G_A" 0 4 0 0 0
"chr12_13325671_G_A" 0 0 0 0 7
"chr12_14496353_G_A" 0 0 0 6 0
"chr12_14897697_C_T" 0 5 0 0 0
"chr12_16305863_C_T" 0 4 0 0 0
"chr12_16796508_C_A" 0 0 0 6 0
"chr12_17153756_G_A" 0 0 4 0 0
"chr12_17229466_C_A" 0 0 0 6 0
"chr12_19487213_C_T" 0 0 0 6 0
"chr12_19841591_G_A" 0 0 7 0 0
"chr12_24304468_C_T" 0 0 0 5 0
"chr12_2450785_T_A" 0 4 0 0 0
"chr12_24634798_C_T" 0 0 0 5 0
"chr12_25801908_T_A" 0 4 0 0 0
"chr12_27859724_A_G" 5 0 0 0 0
"chr12_28103125_G_T" 0 6 0 0 0
"chr12_28889340_C_A" 0 0 0 0 4
"chr12_29465453_A_G" 0 0 0 6 0
"chr12_31582421_T_A" 0 0 0 0 7
"chr12_31938924_T_G" 0 0 0 5 0
"chr12_34352002_C_T" 0 0 0 0 8
"chr12_39876187_G_A" 0 0 0 5 0
"chr12_40353767_C_T" 0 0 0 0 6
"chr12_42452630_G_A" 0 0 0 0 6
"chr12_4252841_A_G" 0 5 0 0 0
"chr12_43286245_G_A" 0 4 0 0 0
"chr12_45617938_G_A" 0 0 4 0 0
"chr12_47450725_C_T" 0 0 0 8 0
"chr12_4877304_G_A" 0 0 6 0 0
"chr12_49117553_T_A" 0 0 0 7 0
"chr12_50751559_G_T" 0 0 0 4 0
"chr12_52478275_C_A" 0 8 0 0 0
"chr12_54323204_A_G" 0 0 0 0 7
"chr12_59307873_T_A" 0 4 0 0 0
"chr12_602143_A_T" 0 4 0 0 0
"chr12_60926360_G_C" 0 0 6 0 0
"chr12_60951734_G_A" 0 0 0 0 6
"chr12_61305300_A_G" 0 0 0 6 0
"chr12_61425402_T_G" 0 0 0 0 4
"chr12_61536453_G_A" 0 9 0 0 0
"chr12_62647621_C_T" 0 0 0 4 0
"chr12_62732108_C_A" 0 0 0 4 0
"chr12_63244665_C_A" 0 6 0 0 0
"chr12_65589659_T_C" 0 0 0 0 4
"chr12_66458957_C_T" 0 0 0 16 0
"chr12_67259548_C_T" 0 6 0 0 0
"chr12_69634234_C_T" 0 0 0 0 5
"chr12_73656053_G_C" 0 5 0 0 0
"chr12_74603128_A_C" 0 0 0 0 8
"chr12_76820223_C_A" 0 0 0 4 0
"chr12_76963451_C_T" 0 0 0 0 5
"chr12_78657789_G_A" 0 10 0 0 0
"chr12_79122849_A_T" 0 0 4 0 0
"chr12_79136524_C_T" 0 0 0 5 0
"chr12_80914471_G_C" 0 0 0 0 6
"chr12_81679960_A_G" 0 9 0 0 0
"chr12_81758680_A_T" 0 0 4 0 0
"chr12_82909364_G_C" 0 6 0 0 0
"chr12_82949570_C_G" 0 4 0 0 0
"chr12_84240542_A_G" 0 0 9 0 0
"chr12_8490841_C_T" 0 0 0 0 4
"chr12_85384130_C_T" 0 0 5 1 0
"chr12_86391059_T_C" 0 0 0 10 0
"chr12_86399219_C_T" 0 6 0 0 0
"chr12_86410308_C_T" 0 0 0 0 7
"chr12_86793749_C_T" 0 0 0 0 6
"chr12_87714479_A_G" 0 0 0 4 0
"chr12_99372602_G_A" 0 4 0 0 0
"chr12_99612206_C_T" 0 0 4 0 0
"chr13_100717653_T_C" 0 7 0 0 0
"chr13_100950454_G_A" 0 17 0 0 0
"chr13_107417682_G_A" 0 0 7 0 0
"chr13_111496955_T_G" 4 0 0 0 0
"chr13_112097908_C_T" 0 0 4 0 0
"chr13_112827303_C_T" 0 0 0 0 4
"chr13_113763518_G_A" 0 7 0 0 0
"chr13_18556118_G_C" 0 0 0 5 0
"chr13_19427661_G_A" 0 0 0 7 0
"chr13_20756681_A_G" 0 0 0 0 6
"chr13_21360188_C_T" 0 8 0 0 0
"chr13_22364208_A_G" 0 0 0 0 9
"chr13_22516911_C_T" 0 0 0 0 5
"chr13_22872792_A_G" 0 11 0 0 0
"chr13_22970797_C_T" 0 0 0 0 8
"chr13_23485828_C_T" 0 15 0 0 0
"chr13_28588297_C_T" 0 0 0 0 5
"chr13_28855408_G_A" 0 0 0 0 4
"chr13_29225428_C_A" 0 10 0 0 0
"chr13_30428500_G_T" 0 0 0 4 0
"chr13_32286907_C_A" 0 0 0 0 4
"chr13_35290579_G_T" 0 0 0 5 0
"chr13_36187349_T_C" 0 0 0 0 6
"chr13_37887605_G_A" 0 0 10 8 4
"chr13_38038459_C_A" 0 0 0 0 4
"chr13_40245036_T_C" 0 0 0 0 6
"chr13_42592033_G_A" 0 0 0 0 4
"chr13_43636290_C_T" 0 4 0 0 0
"chr13_43745813_G_C" 0 0 0 4 0
"chr13_44942743_T_C" 0 5 0 0 0
"chr13_46465414_C_T" 0 0 0 5 0
"chr13_47040184_T_C" 0 0 0 14 0
"chr13_47903204_C_T" 0 0 0 0 5
"chr13_47904706_A_T" 1 0 0 0 4
"chr13_52579358_G_A" 0 0 0 10 0
"chr13_55245573_C_T" 0 0 5 0 0
"chr13_55485835_G_A" 0 8 0 0 0
"chr13_55496860_G_A" 0 10 0 0 0
"chr13_55642737_C_T" 0 0 9 5 0
"chr13_56106897_G_C" 0 0 0 0 5
"chr13_56277041_G_T" 0 0 0 0 6
"chr13_58061282_T_A" 0 0 0 5 0
"chr13_58411723_G_C" 0 9 0 0 0
"chr13_60018266_A_T" 0 0 0 4 0
"chr13_62471122_C_A" 0 0 0 5 0
"chr13_63528064_G_A" 0 0 4 0 0
"chr13_64874317_G_A" 0 0 9 0 0
"chr13_65658799_T_A" 0 0 0 11 0
"chr13_66137185_C_T" 0 0 0 8 0
"chr13_66300603_G_A" 0 0 0 8 0
"chr13_66336512_A_G" 0 6 0 0 0
"chr13_66832507_A_G" 0 0 0 6 0
"chr13_67416571_C_T" 0 0 0 0 8
"chr13_67978367_G_A" 0 0 4 0 0
"chr13_68570427_C_T" 0 0 0 0 5
"chr13_69570725_A_G" 0 0 0 0 6
"chr13_69992055_G_A" 0 0 0 5 0
"chr13_73860676_C_T" 0 4 0 0 0
"chr13_74624952_G_A" 0 0 0 0 6
"chr13_75381292_G_A" 0 0 0 0 6
"chr13_76553528_G_A" 0 0 0 0 7
"chr13_77624383_C_T" 0 0 0 14 0
"chr13_80921421_C_T" 0 0 0 8 0
"chr13_81152427_C_A" 0 0 0 0 6
"chr13_82347637_C_T" 0 10 0 0 0
"chr13_82625752_A_G" 0 8 0 0 0
"chr13_82755256_T_G" 0 0 0 7 0
"chr13_82920071_G_T" 0 0 8 0 1
"chr13_83472391_C_T" 0 0 0 0 4
"chr13_83696531_C_T" 0 0 0 0 7
"chr13_83903897_C_A" 0 0 0 13 0
"chr13_84068096_C_T" 0 0 7 0 0
"chr13_84274167_C_G" 0 0 0 0 6
"chr13_84728012_C_T" 0 0 0 0 5
"chr13_84728409_T_A" 0 5 0 0 0
"chr13_85010949_G_A" 0 0 0 10 0
"chr13_88719122_G_A" 0 0 9 0 0
"chr13_90619879_A_T" 0 0 0 4 0
"chr13_92924917_T_A" 0 6 0 0 0
"chr13_94035748_G_T" 0 0 0 0 5
"chr13_94741989_G_T" 0 0 0 4 0
"chr13_97850723_G_A" 0 0 0 0 6
"chr13_99708681_T_G" 0 4 0 0 0
"chr14_100864811_C_T" 0 7 0 0 0
"chr14_101843529_C_T" 0 8 0 0 0
"chr14_19200304_G_A" 0 7 0 0 0
"chr14_24086201_G_A" 0 0 0 8 0
"chr14_25173406_G_A" 0 10 0 0 0
"chr14_26181948_T_A" 0 0 0 0 5
"chr14_26793788_T_C" 0 0 0 8 0
"chr14_27703318_C_T" 0 0 0 8 0
"chr14_27950897_G_T" 0 0 0 11 0
"chr14_28035128_A_G" 0 0 14 0 0
"chr14_28188804_C_T" 0 0 0 6 0
"chr14_28418424_C_T" 0 0 0 0 4
"chr14_29664380_C_T" 0 0 11 0 0
"chr14_29846999_G_C" 6 0 0 0 0
"chr14_30848009_G_A" 0 0 0 0 5
"chr14_31478115_A_G" 4 0 0 0 0
"chr14_32838165_G_A" 0 0 0 10 0
"chr14_34391764_G_A" 1 0 4 0 0
"chr14_37643917_A_G" 0 0 0 8 0
"chr14_38799846_C_T" 0 0 0 7 0
"chr14_39164293_C_A" 0 5 0 0 0
"chr14_39760066_G_A" 1 6 0 0 0
"chr14_40075320_C_A" 0 0 8 0 0
"chr14_40139894_G_A" 0 8 0 0 0
"chr14_41485495_G_A" 0 0 0 4 0
"chr14_41553949_G_A" 0 0 0 0 5
"chr14_42526830_G_A" 0 0 0 0 5
"chr14_43550989_A_T" 0 0 0 0 4
"chr14_44751583_C_A" 0 0 5 0 0
"chr14_44762412_C_T" 0 5 0 0 0
"chr14_47593445_G_A" 0 0 0 0 10
"chr14_47873728_G_C" 0 9 0 0 0
"chr14_48476853_G_A" 0 0 0 0 6
"chr14_49620744_G_T" 0 0 0 4 0
"chr14_51076262_T_C" 0 0 0 4 0
"chr14_51111891_G_C" 0 0 0 0 4
"chr14_51840255_C_T" 0 0 0 8 0
"chr14_57486246_G_A" 0 0 5 0 0
"chr14_57723093_G_A" 0 0 9 0 0
"chr14_63019573_G_A" 0 0 0 0 6
"chr14_64670138_C_A" 0 0 0 0 4
"chr14_67129315_A_G" 0 0 0 5 0
"chr14_69572366_C_G" 0 4 0 0 0
"chr14_71336325_C_T" 0 15 0 0 0
"chr14_71981597_C_T" 4 0 0 0 0
"chr14_72172170_G_A" 0 0 0 11 0
"chr14_74246305_C_T" 0 0 4 0 0
"chr14_74357543_G_A" 0 0 10 0 0
"chr14_74384126_G_A" 0 0 5 0 0
"chr14_75096457_T_A" 0 0 0 4 0
"chr14_78741295_C_T" 0 0 0 8 0
"chr14_81912997_C_T" 0 0 0 6 0
"chr14_84546050_T_C" 0 0 0 10 0
"chr14_85924856_C_A" 0 0 0 4 0
"chr14_86086839_G_A" 0 6 0 0 0
"chr14_86144157_G_T" 0 0 0 5 0
"chr14_91041472_C_A" 0 0 0 7 0
"chr14_94258941_G_A" 0 4 0 0 0
"chr14_95990611_C_T" 0 0 0 5 0
"chr14_96326210_T_C" 0 4 0 0 0
"chr14_97729103_C_T" 0 0 0 0 4
"chr14_98627835_G_A" 0 0 0 0 4
"chr15_20547859_T_C" 0 4 0 0 0
"chr15_20657938_A_T" 0 0 0 9 0
"chr15_22288492_A_T" 4 0 0 0 0
"chr15_23591622_T_A" 0 0 0 0 4
"chr15_26806166_G_A" 0 0 0 9 0
"chr15_27316107_G_A" 0 0 0 0 8
"chr15_27352525_G_A" 0 0 0 0 5
"chr15_27472137_C_T" 0 0 0 0 12
"chr15_28072424_C_A" 0 0 0 0 4
"chr15_30971061_G_A" 0 6 0 0 0
"chr15_31143750_T_C" 0 6 0 0 0
"chr15_33486226_T_C" 0 7 0 0 0
"chr15_34772173_G_A" 0 5 0 0 0
"chr15_36780775_G_T" 8 0 11 3 8
"chr15_41241013_C_A" 0 0 0 4 0
"chr15_41878991_G_A" 0 9 0 0 0
"chr15_43028570_C_G" 0 13 0 0 0
"chr15_43231934_T_A" 0 0 8 0 0
"chr15_45548053_C_T" 0 0 0 0 4
"chr15_45783944_C_A" 0 0 0 0 10
"chr15_50148459_T_A" 0 13 0 0 0
"chr15_50709491_C_T" 0 6 0 0 0
"chr15_51743591_T_C" 0 8 0 0 0
"chr15_52736412_C_T" 0 4 0 0 0
"chr15_54538285_C_A" 0 0 5 0 0
"chr15_55434460_A_C" 0 0 0 4 0
"chr15_55916494_G_A" 0 0 0 0 6
"chr15_57540736_C_T" 7 0 5 6 7
"chr15_60418984_G_C" 0 0 4 0 0
"chr15_65565760_C_T" 5 0 0 0 0
"chr15_67996219_C_T" 0 0 10 0 0
"chr15_68062410_C_G" 0 0 7 0 0
"chr15_71576565_G_A" 0 0 0 0 6
"chr15_75265228_G_A" 7 1 1 0 0
"chr15_75814614_T_A" 0 0 0 9 0
"chr15_76029177_C_A" 1 0 0 0 4
"chr15_79096304_G_A" 0 0 0 7 0
"chr15_79222586_C_T" 0 0 6 0 0
"chr15_81805853_C_T" 0 8 0 0 0
"chr15_85799236_T_C" 0 0 0 0 5
"chr15_87124430_C_T" 0 8 0 0 0
"chr15_87377535_C_T" 0 0 0 0 4
"chr15_87494701_C_T" 0 0 5 0 0
"chr15_87592705_G_A" 0 0 6 0 0
"chr15_90142439_G_C" 0 0 0 4 0
"chr15_92144718_G_A" 0 10 0 0 0
"chr15_92200000_G_A" 0 0 0 8 0
"chr15_94210874_T_A" 0 0 0 10 0
"chr15_95309219_G_A" 0 0 0 7 0
"chr15_95505083_G_A" 0 4 0 0 0
"chr15_95542697_A_G" 0 0 0 0 9
"chr15_96787690_C_T" 0 0 9 0 0
"chr15_99323218_G_T" 0 4 0 0 0
"chr15_99850410_A_G" 0 0 0 6 0
"chr16_10285675_C_T" 0 0 0 8 0
"chr16_13304336_G_A" 0 0 0 0 9
"chr16_13374976_G_A" 0 0 6 0 0
"chr16_17620973_A_C" 0 0 0 5 0
"chr16_17980211_C_T" 0 0 0 0 5
"chr16_18890000_G_C" 0 0 0 0 7
"chr16_20732639_G_A" 0 0 4 0 0
"chr16_22567654_C_T" 0 0 6 0 0
"chr16_2362187_G_T" 0 0 4 0 0
"chr16_25128193_A_T" 0 4 0 0 0
"chr16_25617078_C_T" 0 4 0 0 0
"chr16_26294666_C_T" 0 4 0 0 0
"chr16_26638827_G_A" 0 0 0 0 5
"chr16_26706551_G_A" 0 4 0 0 0
"chr16_26874476_T_C" 0 4 0 0 0
"chr16_27092074_T_C" 0 0 0 0 7
"chr16_27474303_C_T" 0 0 0 4 0
"chr16_28057239_C_T" 0 6 0 0 0
"chr16_32807355_G_A" 0 0 0 5 0
"chr16_33889950_T_C" 0 0 0 0 7
"chr16_34810542_T_G" 0 0 6 0 0
"chr16_35141556_G_A" 0 0 0 0 4
"chr16_35394375_G_A" 0 4 0 0 0
"chr16_35639868_G_T" 0 11 0 0 0
"chr16_46536183_C_T" 0 0 7 0 0
"chr16_46748938_C_T" 0 0 0 0 5
"chr16_49404923_T_A" 0 0 0 4 0
"chr16_49706543_G_A" 0 0 0 0 4
"chr16_50977279_C_T" 0 0 0 10 0
"chr16_51507969_C_A" 0 0 0 0 5
"chr16_51581340_A_T" 0 0 0 0 9
"chr16_51693843_G_A" 0 4 0 0 0
"chr16_52919934_G_A" 0 0 0 0 5
"chr16_53175910_T_C" 0 0 0 0 7
"chr16_5385879_G_A" 0 0 0 0 4
"chr16_56918535_C_A" 0 4 0 0 0
"chr16_58235358_C_T" 0 4 0 0 0
"chr16_60990511_C_T" 0 0 0 6 0
"chr16_61352137_G_T" 0 0 5 0 0
"chr16_61884907_C_G" 0 0 0 4 0
"chr16_62679181_T_C" 0 0 0 8 0
"chr16_63036790_G_A" 0 5 0 0 0
"chr16_63057665_C_T" 0 0 7 0 0
"chr16_63077011_C_T" 0 0 0 8 0
"chr16_63636870_A_G" 0 0 0 0 7
"chr16_63779769_C_T" 0 0 0 4 0
"chr16_64934928_T_A" 0 0 4 0 0
"chr16_65376702_G_A" 0 0 9 0 0
"chr16_6868516_G_A" 0 0 0 7 0
"chr16_70098016_C_G" 0 5 0 0 0
"chr16_7059354_G_A" 0 9 0 0 0
"chr16_70894089_C_T" 0 0 0 5 0
"chr16_7223457_C_T" 0 5 0 0 0
"chr16_7301054_G_T" 0 0 4 0 0
"chr16_75771528_C_T" 0 0 0 0 10
"chr16_76235253_G_A" 0 0 6 0 0
"chr16_76297428_A_T" 0 8 0 0 0
"chr16_76342718_C_T" 0 0 0 0 4
"chr16_76901869_C_T" 0 0 6 0 0
"chr16_78631338_G_A" 0 0 0 8 0
"chr16_79891076_A_C" 0 0 0 14 0
"chr16_8089381_C_G" 0 0 0 0 5
"chr16_82781903_G_A" 1 0 0 0 8
"chr16_82826477_C_T" 0 0 11 0 0
"chr16_83272180_G_A" 0 0 0 12 0
"chr16_8332450_C_T" 0 0 0 8 0
"chr16_84595383_C_T" 0 0 0 9 0
"chr16_85215998_C_T" 0 4 0 0 0
"chr16_85312473_C_T" 0 4 0 0 0
"chr16_86693946_G_C" 0 0 0 0 5
"chr17_1146662_G_T" 0 0 4 0 0
"chr17_12144939_G_C" 0 0 6 0 0
"chr17_14276925_G_C" 0 4 0 0 0
"chr17_14358591_G_A" 0 0 0 13 0
"chr17_14949151_C_T" 0 6 0 0 0
"chr17_18361711_G_T" 0 0 4 0 0
"chr17_20110544_C_T" 0 4 0 0 0
"chr17_22223923_C_T" 1 0 14 0 0
"chr17_29310269_C_A" 0 4 0 0 0
"chr17_30816310_A_T" 0 0 0 4 0
"chr17_32845013_C_T" 0 6 0 0 0
"chr17_32990697_G_C" 0 4 0 0 0
"chr17_33110992_T_G" 4 0 0 0 0
"chr17_33289280_C_T" 0 5 0 0 0
"chr17_34288647_A_C" 0 0 6 1 0
"chr17_34472977_G_C" 0 0 0 10 0
"chr17_35391370_T_A" 0 4 0 0 0
"chr17_37497165_T_A" 0 1 0 4 0
"chr17_40690214_C_T" 0 0 0 8 0
"chr17_40801906_G_T" 0 0 0 9 0
"chr17_42239469_T_A" 0 0 0 0 4
"chr17_42664418_G_T" 0 5 0 0 0
"chr17_43378723_A_G" 0 0 8 0 0
"chr17_4438193_C_T" 0 0 8 0 0
"chr17_45803469_C_T" 0 0 12 0 0
"chr17_47925562_A_T" 0 4 0 0 0
"chr17_4837140_T_C" 0 0 0 0 4
"chr17_52891732_C_T" 0 6 0 0 0
"chr17_53899808_C_T" 0 0 0 0 4
"chr17_57495747_C_A" 0 0 0 0 4
"chr17_58582458_T_C" 0 4 0 0 0
"chr17_5877335_C_T" 0 0 12 0 0
"chr17_59206143_G_T" 0 4 0 0 0
"chr17_5954908_G_A" 0 0 0 5 0
"chr17_59557472_C_A" 0 0 0 0 4
"chr17_60991501_G_A" 0 0 0 0 6
"chr17_61215165_A_G" 0 0 0 8 0
"chr17_61531586_G_C" 0 8 0 0 0
"chr17_62806927_A_T" 0 0 0 0 4
"chr17_63774144_T_G" 4 0 0 0 0
"chr17_63940648_C_T" 0 0 0 0 5
"chr17_64100208_T_A" 0 0 0 0 5
"chr17_65762503_T_G" 0 9 0 0 0
"chr17_67519834_C_A" 0 0 0 0 5
"chr17_68284351_G_T" 0 0 6 0 0
"chr17_69817579_T_C" 0 4 0 0 0
"chr17_70621574_A_G" 0 7 0 0 0
"chr17_72434292_G_A" 0 0 5 0 0
"chr17_73236819_A_G" 0 0 0 0 5
"chr17_73333961_C_A" 0 0 0 4 0
"chr17_74568310_A_G" 0 0 0 7 0
"chr17_78260806_G_T" 0 0 0 0 4
"chr17_78698592_C_G" 0 7 0 0 0
"chr17_79680544_C_T" 0 0 6 0 0
"chr17_8895076_A_G" 0 4 0 0 0
"chr17_9189002_A_G" 0 0 0 9 0
"chr18_12189250_G_A" 0 0 0 7 0
"chr18_13171524_C_T" 0 0 0 4 0
"chr18_14544074_C_T" 0 6 0 0 0
"chr18_14889994_G_A" 0 0 0 5 0
"chr18_24683979_G_A" 0 0 0 4 0
"chr18_25034575_C_A" 0 4 0 0 0
"chr18_25681223_G_A" 0 0 5 0 0
"chr18_25904184_C_T" 0 0 0 6 0
"chr18_26032849_C_T" 0 0 0 6 0
"chr18_28187235_A_C" 0 0 0 8 0
"chr18_28711035_G_T" 0 0 7 0 0
"chr18_28811199_G_T" 0 0 0 0 8
"chr18_29135288_G_A" 0 5 0 0 0
"chr18_30385224_C_T" 0 0 0 1 4
"chr18_33727557_C_T" 0 0 0 8 0
"chr18_33775872_C_T" 0 0 0 9 0
"chr18_35447459_G_A" 0 0 0 0 8
"chr18_39979068_G_T" 0 0 0 0 6
"chr18_41799511_A_T" 0 0 0 8 0
"chr18_42513271_C_T" 0 0 4 0 0
"chr18_43259547_A_T" 0 8 0 0 0
"chr18_43387650_C_T" 0 5 0 0 0
"chr18_44032484_G_T" 0 10 0 0 0
"chr18_49627452_T_G" 0 0 5 0 0
"chr18_50110036_A_G" 0 7 0 0 0
"chr18_51696108_G_A" 0 0 0 0 7
"chr18_51809986_C_T" 0 0 0 8 0
"chr18_51906689_A_G" 0 5 0 0 0
"chr18_52190960_G_A" 0 0 0 8 0
"chr18_5366422_G_C" 0 0 4 0 0
"chr18_53776115_G_A" 0 0 0 6 0
"chr18_54441338_G_A" 0 0 1 4 0
"chr18_55677308_C_T" 0 0 0 0 5
"chr18_58401787_C_A" 0 0 6 0 0
"chr18_59195793_G_A" 0 0 0 6 0
"chr18_59795699_G_A" 0 0 0 0 5
"chr18_59871394_C_A" 0 0 0 4 0
"chr18_61165283_C_G" 0 0 0 8 0
"chr18_63593441_G_A" 0 0 2 0 10
"chr18_64525646_G_A" 0 0 0 0 4
"chr18_65139977_G_A" 0 0 13 0 0
"chr18_65532784_G_A" 0 0 0 4 0
"chr18_66467252_G_A" 0 0 0 8 0
"chr18_6695189_C_T" 0 0 0 7 0
"chr18_67909135_G_A" 0 5 0 0 0
"chr18_68389096_T_A" 0 0 0 8 0
"chr18_68914355_C_T" 0 0 0 5 0
"chr18_69465413_G_A" 0 0 0 0 4
"chr18_69772009_A_T" 4 0 0 0 0
"chr18_70201866_C_A" 0 0 0 4 0
"chr18_72185419_A_T" 0 0 4 0 0
"chr18_72857243_G_A" 0 0 0 0 7
"chr18_73625762_G_T" 0 0 0 6 0
"chr18_75800716_C_T" 0 0 0 0 4
"chr18_76022988_G_T" 0 4 0 0 0
"chr18_76046813_G_T" 0 0 4 0 0
"chr18_79123330_A_G" 0 0 0 0 8
"chr18_79822856_C_T" 0 0 0 6 0
"chr18_8215828_T_G" 0 4 0 0 0
"chr18_9764331_T_C" 0 0 6 0 0
"chr19_11525236_C_T" 0 4 0 0 0
"chr19_11886249_G_T" 0 0 0 4 0
"chr19_11942736_G_T" 0 5 0 0 0
"chr19_12797481_T_A" 0 0 4 0 0
"chr19_16302302_G_A" 0 0 6 0 0
"chr19_17330000_C_T" 6 0 0 0 0
"chr19_17531403_C_A" 0 0 0 4 0
"chr19_2213986_G_A" 0 0 0 4 0
"chr19_28374811_C_A" 0 4 0 0 0
"chr19_29001368_G_A" 0 0 0 0 5
"chr19_29791969_G_A" 0 0 0 0 5
"chr19_29929539_G_T" 0 0 0 0 5
"chr19_30368341_C_T" 0 4 0 0 0
"chr19_31693488_G_A" 0 0 0 0 8
"chr19_31701884_C_T" 0 7 0 0 0
"chr19_33729297_G_A" 0 0 9 0 0
"chr19_34400639_C_T" 0 0 0 0 6
"chr19_37095213_A_T" 0 0 0 4 0
"chr19_37372236_T_C" 0 0 0 4 0
"chr19_41435302_C_A" 0 0 0 4 0
"chr19_44568931_A_T" 0 0 0 0 4
"chr19_49372939_C_T" 0 0 0 0 6
"chr19_51861848_G_A" 0 5 0 0 0
"chr19_52385620_C_T" 0 0 0 9 0
"chr19_5249327_T_C" 1 11 0 0 0
"chr19_52610405_C_A" 0 0 0 4 0
"chr19_54362393_T_G" 0 0 0 6 0
"chr19_54523313_G_A" 0 0 1 0 5
"chr19_5552177_C_T" 0 0 0 4 0
"chr19_55788864_C_T" 0 0 0 4 0
"chr19_5938745_G_T" 0 0 0 6 0
"chr19_8499363_C_T" 0 8 0 0 0
"chr19_931738_G_A" 0 0 0 0 7
"chr2_100251807_C_A" 0 0 4 0 0
"chr2_101156961_C_T" 0 0 0 0 7
"chr2_103489293_C_T" 0 0 0 0 4
"chr2_103804824_C_T" 0 0 5 0 0
"chr2_106441271_A_G" 0 4 0 0 0
"chr2_106519772_C_T" 0 8 0 0 0
"chr2_107738491_G_T" 0 0 0 4 0
"chr2_108038580_C_T" 0 9 0 0 0
"chr2_1095847_G_A" 0 0 0 0 4
"chr2_110692793_C_A" 0 0 0 4 0
"chr2_114050916_G_T" 0 0 0 0 4
"chr2_115968473_G_A" 0 4 0 0 0
"chr2_116410703_G_T" 0 0 0 4 0
"chr2_116419063_G_A" 0 0 0 4 0
"chr2_117266036_A_G" 0 0 0 0 6
"chr2_118378568_C_T" 0 5 0 0 0
"chr2_118771392_G_A" 0 0 6 0 0
"chr2_122969861_T_C" 1 0 0 0 6
"chr2_123561572_A_G" 0 0 0 0 5
"chr2_124128330_G_A" 0 8 0 0 0
"chr2_124451423_G_A" 0 0 0 0 7
"chr2_125494000_G_A" 0 0 0 0 6
"chr2_126442913_T_C" 0 9 0 0 0
"chr2_129301154_G_A" 0 0 0 9 0
"chr2_129779941_G_A" 0 0 4 0 0
"chr2_13097523_A_T" 0 9 0 0 1
"chr2_132030045_T_C" 0 0 5 0 0
"chr2_132033599_G_A" 0 0 0 11 0
"chr2_132955390_C_A" 0 0 4 0 0
"chr2_136467936_T_C" 0 0 0 7 0
"chr2_136720416_C_T" 0 0 5 0 0
"chr2_137240395_C_A" 0 0 6 0 0
"chr2_137863003_C_T" 0 0 0 8 0
"chr2_139119347_C_T" 0 0 7 0 0
"chr2_139603007_C_T" 0 0 7 0 0
"chr2_14058885_G_A" 0 0 0 12 0
"chr2_140688937_T_A" 0 0 0 0 4
"chr2_140892550_G_A" 0 0 0 0 9
"chr2_14106860_C_T" 0 5 0 0 0
"chr2_141672212_T_C" 0 0 0 0 4
"chr2_141898809_C_T" 0 0 0 0 6
"chr2_142344510_C_G" 0 6 0 0 0
"chr2_142487988_C_G" 0 0 4 0 0
"chr2_145016741_G_T" 0 0 0 5 0
"chr2_147139382_C_T" 0 0 0 0 4
"chr2_147769147_C_A" 0 0 8 0 0
"chr2_147908121_G_A" 0 0 0 4 0
"chr2_148138216_G_T" 0 0 0 8 0
"chr2_151889839_C_A" 0 0 0 4 0
"chr2_152910929_G_T" 0 0 0 0 5
"chr2_154477982_T_A" 0 0 7 0 0
"chr2_155861291_C_T" 0 0 4 0 0
"chr2_1585658_G_A" 0 0 4 0 0
"chr2_161275345_C_A" 0 0 0 4 0
"chr2_161862814_C_T" 0 0 0 0 4
"chr2_167552672_C_T" 0 0 6 0 0
"chr2_167843946_C_A" 0 0 4 0 0
"chr2_171131901_T_C" 0 0 6 0 0
"chr2_171544760_A_C" 0 4 0 0 0
"chr2_171622137_C_T" 0 7 0 0 0
"chr2_171683299_T_C" 0 0 0 0 4
"chr2_172913944_C_A" 0 0 0 0 4
"chr2_173358979_A_C" 0 0 0 8 0
"chr2_175679913_T_C" 0 6 0 0 0
"chr2_176234586_G_C" 5 0 0 0 0
"chr2_178641871_T_C" 0 0 0 0 4
"chr2_180194485_A_C" 0 4 0 0 0
"chr2_18047274_C_T" 0 0 8 0 0
"chr2_180496018_A_T" 0 0 4 0 0
"chr2_183268869_C_T" 0 0 4 0 0
"chr2_183318336_C_A" 0 7 0 0 0
"chr2_184783902_C_T" 0 0 8 0 0
"chr2_1865690_G_C" 0 0 0 9 0
"chr2_187901909_G_A" 0 0 0 5 0
"chr2_193786310_G_A" 0 0 0 9 0
"chr2_194008526_C_A" 0 0 4 0 0
"chr2_194959070_G_A" 0 0 0 6 0
"chr2_196431295_G_A" 0 0 9 0 0
"chr2_19660506_C_T" 0 5 0 0 0
"chr2_197300003_G_T" 0 5 0 0 0
"chr2_198454415_C_T" 0 4 0 0 0
"chr2_199308979_T_G" 0 5 0 0 0
"chr2_201826805_C_A" 0 0 0 4 0
"chr2_203522911_A_G" 0 7 0 0 0
"chr2_203932632_C_T" 0 6 0 0 0
"chr2_204376262_G_A" 1 0 0 0 7
"chr2_205405448_T_G" 0 0 0 0 4
"chr2_20541701_G_A" 0 1 9 0 0
"chr2_205980531_G_T" 0 0 0 0 5
"chr2_209040883_A_G" 0 0 0 0 7
"chr2_209576942_A_C" 0 0 15 0 0
"chr2_209829229_C_G" 0 4 0 0 0
"chr2_209946509_G_A" 0 0 8 0 0
"chr2_210061435_T_C" 0 0 0 7 0
"chr2_210795050_T_C" 0 0 0 7 0
"chr2_212497518_A_T" 0 7 0 0 0
"chr2_21350040_G_A" 0 0 0 0 9
"chr2_213734021_A_T" 0 1 0 4 0
"chr2_214864851_C_T" 0 10 0 0 0
"chr2_215178318_C_T" 0 0 0 0 5
"chr2_215355622_T_A" 4 0 0 0 0
"chr2_217420967_T_A" 0 0 8 0 0
"chr2_220074295_C_T" 1 0 0 5 0
"chr2_220652260_G_T" 0 0 0 4 0
"chr2_22116029_G_A" 0 0 5 0 0
"chr2_221815737_G_A" 0 0 0 8 0
"chr2_221853540_C_T" 0 0 0 0 12
"chr2_223436332_C_A" 0 0 0 10 0
"chr2_225209116_T_A" 0 0 0 0 8
"chr2_2264666_G_A" 0 4 0 0 0
"chr2_226702410_A_T" 4 0 0 0 0
"chr2_22671719_G_A" 0 0 0 0 4
"chr2_227333835_G_A" 0 0 0 0 5
"chr2_228098638_G_A" 0 0 4 0 0
"chr2_228695025_G_A" 0 0 0 7 0
"chr2_228898635_T_G" 0 0 0 7 0
"chr2_229114010_C_T" 0 0 0 0 5
"chr2_229260221_G_A" 0 5 0 0 0
"chr2_230569991_G_A" 0 0 0 4 0
"chr2_231495242_C_A" 0 0 0 4 0
"chr2_238610921_A_G" 0 8 0 0 0
"chr2_238610924_A_G" 0 8 0 0 0
"chr2_239546837_T_G" 4 0 0 0 0
"chr2_240523855_C_T" 0 0 5 0 0
"chr2_24470933_G_A" 0 8 0 0 0
"chr2_25162816_T_A" 0 0 0 0 6
"chr2_2545573_C_T" 0 0 9 0 0
"chr2_26261105_T_C" 0 14 0 0 1
"chr2_27515963_G_T" 0 0 0 4 0
"chr2_28439196_T_C" 1 0 0 0 6
"chr2_28567149_A_T" 0 0 4 0 0
"chr2_29652452_T_C" 0 6 0 0 0
"chr2_3016759_G_T" 0 7 0 0 0
"chr2_30821008_T_C" 0 0 5 0 0
"chr2_33143349_T_G" 0 7 0 0 0
"chr2_34280835_C_G" 0 0 7 0 0
"chr2_35314592_C_T" 0 0 7 0 0
"chr2_35531694_A_T" 0 7 0 0 0
"chr2_35666318_C_T" 0 0 0 8 0
"chr2_36234910_G_A" 0 10 0 0 0
"chr2_38452445_A_C" 0 0 0 0 5
"chr2_3879344_G_A" 0 0 11 0 0
"chr2_39918058_T_G" 0 0 7 0 0
"chr2_40378775_C_T" 0 0 5 0 0
"chr2_40652354_C_T" 0 0 0 0 5
"chr2_41415647_G_A" 0 0 0 0 4
"chr2_41975262_C_T" 0 4 0 0 0
"chr2_44222375_T_G" 0 0 0 6 0
"chr2_44831520_T_G" 0 0 14 0 0
"chr2_45504617_A_T" 0 4 0 0 0
"chr2_4578466_G_C" 0 0 0 0 8
"chr2_46104073_G_T" 0 0 0 0 4
"chr2_4621811_C_G" 0 0 0 8 0
"chr2_47200900_C_A" 0 0 0 0 4
"chr2_47947457_T_A" 0 7 0 0 0
"chr2_50191052_G_A" 0 0 0 5 0
"chr2_51169095_G_T" 0 0 0 0 5
"chr2_5267701_C_T" 0 0 2 6 0
"chr2_53465754_C_T" 0 0 10 0 0
"chr2_55443354_C_T" 0 0 0 0 5
"chr2_55731950_C_A" 0 0 7 0 0
"chr2_57029025_C_T" 0 0 0 5 0
"chr2_5945786_G_T" 0 0 0 4 0
"chr2_59748787_A_T" 0 0 0 5 0
"chr2_60027782_C_T" 0 0 0 4 0
"chr2_63235172_A_T" 0 0 0 0 8
"chr2_63399881_T_C" 0 9 0 0 0
"chr2_70151401_T_A" 0 0 0 4 0
"chr2_71817481_C_T" 0 0 0 0 5
"chr2_75254640_T_G" 0 0 5 0 0
"chr2_75451180_A_G" 0 5 0 0 0
"chr2_75859386_C_T" 0 0 0 11 0
"chr2_76560263_C_T" 0 4 0 0 0
"chr2_76570214_C_T" 0 0 0 0 7
"chr2_77403250_A_G" 0 8 0 0 0
"chr2_78338750_T_C" 0 0 0 0 5
"chr2_78711650_G_T" 0 0 0 0 5
"chr2_79544612_A_T" 0 13 0 0 0
"chr2_795893_G_A" 0 0 0 7 0
"chr2_80685401_G_A" 1 9 0 0 0
"chr2_80776827_C_A" 0 0 0 0 6
"chr2_81123358_G_A" 0 0 0 0 10
"chr2_83076984_C_A" 0 0 0 0 4
"chr2_86303000_A_T" 0 0 0 0 4
"chr2_89046889_C_A" 0 0 0 0 4
"chr2_95662426_A_G" 0 0 7 0 0
"chr2_9683807_C_A" 0 0 0 6 0
"chr20_1008029_T_C" 0 0 4 0 0
"chr20_10284479_C_A" 0 4 0 0 0
"chr20_11072663_C_T" 0 0 4 0 0
"chr20_11590453_G_T" 0 0 0 6 0
"chr20_13091648_A_G" 0 0 4 0 0
"chr20_14021431_T_G" 0 0 7 0 0
"chr20_15780548_G_A" 0 0 0 0 5
"chr20_16893608_C_T" 0 4 0 0 0
"chr20_18696236_G_A" 0 0 0 0 6
"chr20_20985233_C_A" 0 0 0 0 4
"chr20_21275589_C_T" 0 0 0 5 0
"chr20_21729480_G_A" 0 0 0 7 0
"chr20_22035001_C_A" 0 5 0 0 0
"chr20_22720899_A_G" 0 4 0 0 0
"chr20_23804428_G_A" 0 0 0 0 4
"chr20_23963012_A_C" 0 4 0 0 0
"chr20_24189411_C_A" 0 0 0 0 4
"chr20_2983918_A_T" 0 4 0 0 0
"chr20_3033109_T_A" 0 0 0 4 0
"chr20_3170708_G_T" 0 0 0 0 5
"chr20_32525318_C_T" 0 0 7 0 0
"chr20_32720331_C_G" 0 6 0 0 0
"chr20_33788687_A_G" 0 0 4 0 0
"chr20_35129936_C_A" 0 0 0 0 4
"chr20_3566255_A_G" 0 0 0 0 4
"chr20_36562927_G_A" 4 0 0 0 0
"chr20_39059063_T_A" 0 0 0 4 0
"chr20_39284685_G_A" 0 0 0 0 6
"chr20_40485358_C_T" 0 0 6 0 0
"chr20_41120758_T_C" 0 4 0 0 0
"chr20_42838838_G_A" 2 6 0 0 0
"chr20_43043337_C_G" 0 4 0 0 0
"chr20_44420486_A_G" 0 0 0 0 6
"chr20_46842842_C_T" 0 0 0 4 0
"chr20_46915340_C_T" 0 0 0 0 7
"chr20_48882277_C_T" 0 0 0 0 6
"chr20_4965010_T_A" 0 6 0 0 0
"chr20_50064337_C_T" 0 0 0 0 5
"chr20_51276009_G_A" 0 4 0 0 0
"chr20_524200_G_T" 0 0 0 0 5
"chr20_52675158_G_A" 0 0 0 0 7
"chr20_53232632_T_C" 0 0 8 0 0
"chr20_53369016_C_T" 0 6 0 0 0
"chr20_53493817_G_A" 0 0 4 0 0
"chr20_5374368_C_T" 0 5 0 0 0
"chr20_543558_A_C" 0 0 4 0 0
"chr20_54471112_C_T" 0 0 0 0 7
"chr20_55847991_G_A" 0 0 4 0 0
"chr20_61137298_C_T" 0 5 0 0 0
"chr20_61384258_C_T" 0 0 8 3 3
"chr20_61672820_G_T" 0 0 0 8 0
"chr20_63784619_G_A" 0 0 6 0 0
"chr20_64173333_C_T" 0 0 10 0 0
"chr20_7659797_T_G" 0 0 5 0 0
"chr20_9666784_T_C" 0 15 0 0 0
"chr21_15446922_C_A" 0 0 0 5 0
"chr21_16309637_C_T" 0 0 0 0 5
"chr21_16369011_G_A" 0 0 0 4 0
"chr21_20234772_C_G" 0 6 0 0 0
"chr21_20923212_G_A" 0 0 0 4 0
"chr21_22377518_G_A" 0 0 0 14 0
"chr21_23495677_C_T" 0 0 0 0 5
"chr21_23630599_T_A" 0 0 0 0 7
"chr21_25147356_G_A" 0 0 0 0 5
"chr21_25875064_G_T" 0 0 4 0 0
"chr21_27849863_C_T" 0 0 0 0 4
"chr21_30973666_A_G" 0 0 4 0 0
"chr21_31734495_A_C" 0 0 4 0 0
"chr21_34046665_T_G" 0 0 4 0 0
"chr21_35659429_C_T" 1 0 5 0 0
"chr21_37689525_G_A" 0 0 0 0 5
"chr21_40800279_G_A" 0 0 0 0 7
"chr21_46252977_T_A" 4 0 0 0 0
"chr21_9976452_C_A" 0 0 0 6 0
"chr22_17408066_G_A" 0 0 0 0 4
"chr22_19193043_C_T" 0 0 0 12 0
"chr22_20039130_C_A" 0 0 0 4 0
"chr22_20445926_T_C" 0 0 0 0 4
"chr22_22932995_C_T" 0 0 0 1 4
"chr22_26716953_T_A" 0 5 0 0 0
"chr22_31041482_G_C" 0 0 0 5 0
"chr22_32117563_C_T" 0 0 0 0 5
"chr22_33381873_G_A" 0 0 4 0 0
"chr22_33728252_A_T" 0 0 0 4 0
"chr22_35394579_C_T" 0 9 0 0 0
"chr22_39911181_A_G" 1 0 8 0 0
"chr22_39911182_C_A" 0 0 7 0 0
"chr22_40731043_G_C" 0 0 0 4 0
"chr22_44748081_C_G" 0 0 0 4 0
"chr22_46406158_C_G" 0 0 0 0 5
"chr22_47463451_G_A" 0 0 0 0 7
"chr22_49017836_A_G" 0 0 0 8 0
"chr22_49121743_C_A" 0 0 0 6 0
"chr22_49353291_G_A" 0 5 0 0 0
"chr3_100494580_C_T" 0 9 0 0 0
"chr3_102811127_G_A" 0 0 6 0 0
"chr3_10335182_G_A" 0 0 0 12 0
"chr3_104220430_G_T" 0 0 0 4 0
"chr3_104648778_C_T" 0 0 0 0 7
"chr3_106066013_A_G" 0 0 0 0 4
"chr3_106174646_T_C" 0 0 11 0 0
"chr3_106347120_G_T" 4 0 0 0 0
"chr3_108121573_A_G" 0 8 0 0 0
"chr3_10848888_T_C" 0 0 4 0 0
"chr3_112313339_A_G" 0 0 0 16 0
"chr3_1123621_T_C" 0 10 0 0 0
"chr3_113543113_G_A" 0 0 4 0 0
"chr3_114554688_C_T" 0 7 0 0 0
"chr3_115002881_T_A" 0 4 0 0 0
"chr3_115761417_G_T" 0 0 0 0 4
"chr3_116391295_G_A" 0 0 0 4 0
"chr3_118029997_C_T" 0 0 0 7 0
"chr3_118262565_C_T" 0 0 0 0 6
"chr3_118979228_A_T" 0 14 0 0 0
"chr3_120473272_A_T" 0 0 0 6 0
"chr3_121848153_T_G" 0 9 0 0 0
"chr3_122584351_A_T" 0 0 0 0 5
"chr3_122607890_G_T" 0 0 0 0 4
"chr3_123126430_T_G" 0 6 0 0 0
"chr3_125723725_G_C" 0 0 5 0 0
"chr3_126643733_A_T" 0 4 0 0 0
"chr3_127311510_A_G" 7 0 0 0 0
"chr3_1278458_G_A" 0 0 5 0 0
"chr3_1306473_A_G" 0 5 0 0 0
"chr3_13067591_C_T" 0 1 8 0 0
"chr3_132078613_A_C" 0 0 4 0 0
"chr3_132245158_G_A" 0 0 0 0 8
"chr3_133840813_C_A" 0 0 0 4 0
"chr3_133848768_A_T" 4 0 0 0 0
"chr3_135391946_C_T" 0 0 5 0 0
"chr3_136020275_C_T" 0 4 0 0 0
"chr3_136020282_A_G" 0 5 0 0 0
"chr3_138162012_G_A" 0 0 0 7 0
"chr3_14005198_C_A" 0 0 0 6 0
"chr3_140548422_G_A" 0 0 0 0 8
"chr3_14084194_C_T" 0 0 7 0 0
"chr3_142188419_C_T" 0 0 0 5 0
"chr3_144314492_C_T" 0 5 0 0 0
"chr3_144463423_C_T" 0 0 0 7 0
"chr3_145332874_C_T" 0 0 0 4 0
"chr3_145577294_G_T" 0 0 4 0 0
"chr3_145647648_C_T" 0 4 0 0 0
"chr3_145907830_T_C" 0 0 0 0 5
"chr3_146169336_G_A" 0 0 0 8 0
"chr3_147169198_A_C" 0 0 0 0 4
"chr3_147363887_C_T" 0 0 0 0 5
"chr3_147519756_G_A" 0 0 0 0 4
"chr3_148493894_G_A" 0 4 0 0 0
"chr3_154974721_G_A" 0 0 6 0 0
"chr3_155312690_C_A" 0 0 5 0 0
"chr3_155927817_G_T" 0 0 0 4 0
"chr3_155969779_G_A" 0 0 0 4 0
"chr3_156638325_T_C" 0 0 4 0 0
"chr3_158338098_T_C" 0 7 0 0 0
"chr3_160033994_A_G" 0 5 0 0 0
"chr3_160791607_A_C" 4 0 0 0 0
"chr3_161016986_T_A" 0 0 0 10 0
"chr3_162676901_T_A" 0 0 0 0 5
"chr3_1628620_G_A" 0 16 0 0 0
"chr3_163465512_C_T" 0 0 4 0 0
"chr3_164500872_C_T" 0 6 0 0 0
"chr3_16508085_C_T" 0 0 0 7 0
"chr3_165358526_C_G" 0 0 7 2 4
"chr3_165369836_A_C" 0 0 0 8 0
"chr3_165703851_T_A" 0 5 0 0 0
"chr3_165803479_T_C" 0 0 6 0 0
"chr3_167044090_C_T" 0 0 0 0 5
"chr3_167059532_G_A" 0 0 0 0 8
"chr3_168074152_C_T" 0 0 0 4 0
"chr3_171038020_T_C" 0 0 0 0 4
"chr3_175653747_C_A" 0 6 0 0 0
"chr3_176478323_G_A" 0 0 0 0 5
"chr3_177344800_G_A" 0 7 0 0 0
"chr3_178654405_A_C" 0 4 0 0 0
"chr3_178864370_G_A" 0 0 7 0 0
"chr3_179201177_A_T" 0 7 0 0 0
"chr3_181558688_G_A" 0 4 0 0 0
"chr3_182055769_C_T" 0 0 0 4 0
"chr3_186323215_C_T" 0 0 0 5 0
"chr3_186611372_C_T" 0 9 0 0 0
"chr3_189259171_G_A" 1 0 0 0 5
"chr3_190477040_T_A" 0 0 0 4 0
"chr3_192635158_C_T" 0 0 0 0 4
"chr3_196486731_A_G" 0 5 0 0 0
"chr3_196978836_A_G" 0 7 0 0 0
"chr3_21095766_G_C" 0 5 0 0 0
"chr3_21119748_C_T" 0 0 4 0 0
"chr3_21891180_C_T" 0 0 8 0 0
"chr3_22769639_A_T" 0 0 0 4 0
"chr3_23103293_C_T" 0 0 10 0 0
"chr3_23107739_C_T" 1 0 9 0 0
"chr3_23250612_T_C" 0 4 0 0 0
"chr3_23398741_G_A" 0 0 0 0 5
"chr3_24050222_T_A" 0 0 0 6 0
"chr3_24755515_G_A" 0 0 0 0 6
"chr3_26369284_G_A" 1 0 0 5 0
"chr3_31150468_T_A" 0 0 5 0 0
"chr3_40245506_G_A" 0 5 0 0 0
"chr3_40868055_G_A" 0 0 0 4 0
"chr3_41845123_G_A" 0 0 4 8 2
"chr3_42774655_T_G" 0 6 0 0 0
"chr3_46343822_A_T" 0 5 0 0 0
"chr3_49296023_A_G" 0 9 0 0 0
"chr3_51178899_A_T" 0 0 0 6 0
"chr3_53886532_C_T" 1 11 0 0 0
"chr3_55206068_G_A" 0 0 0 0 8
"chr3_55836761_A_C" 0 0 0 5 0
"chr3_56737217_A_C" 0 0 0 0 4
"chr3_57086999_G_A" 0 0 4 0 0
"chr3_57751745_C_T" 0 5 0 0 0
"chr3_59997008_G_A" 0 0 0 7 0
"chr3_62960851_T_A" 0 0 6 0 0
"chr3_63858742_T_C" 0 0 7 0 0
"chr3_64425257_C_T" 0 5 0 0 0
"chr3_65145864_G_T" 0 4 0 0 0
"chr3_6591420_A_T" 0 0 6 0 0
"chr3_68123622_C_A" 0 0 0 5 0
"chr3_68159774_G_A" 0 0 0 0 6
"chr3_7005101_T_A" 0 0 0 0 4
"chr3_70136480_C_T" 0 0 0 0 4
"chr3_70418406_G_A" 0 0 0 0 5
"chr3_71975152_A_G" 0 4 0 0 0
"chr3_73691099_C_A" 0 0 0 0 4
"chr3_75049287_G_A" 0 7 0 0 0
"chr3_75064074_C_T" 0 0 5 0 0
"chr3_75253502_G_A" 0 0 0 0 7
"chr3_75862301_G_A" 0 0 0 5 0
"chr3_79176749_C_T" 0 0 5 0 0
"chr3_79692124_G_A" 0 7 0 0 0
"chr3_80021890_C_T" 0 0 0 0 7
"chr3_81419746_G_A" 0 0 0 0 6
"chr3_81421115_A_G" 0 0 0 0 4
"chr3_81772592_G_A" 0 0 0 8 0
"chr3_82356972_T_G" 0 0 0 0 4
"chr3_83709191_G_A" 0 0 0 0 8
"chr3_84011154_C_T" 0 4 0 0 0
"chr3_84410664_C_T" 0 12 0 0 0
"chr3_84411797_C_A" 0 0 0 0 5
"chr3_84582398_G_T" 0 0 0 0 6
"chr3_85022405_G_A" 0 0 0 0 6
"chr3_8546869_C_G" 0 5 0 0 0
"chr3_86176750_C_T" 0 0 0 0 4
"chr3_86219598_A_T" 1 0 0 7 0
"chr3_86340298_C_T" 0 0 9 0 0
"chr3_87503077_C_T" 0 0 0 8 0
"chr3_87738307_C_T" 0 0 4 0 0
"chr3_87899886_C_T" 0 0 0 9 0
"chr3_88383915_G_A" 0 0 0 0 4
"chr3_88476822_G_A" 0 0 0 6 0
"chr3_89886337_C_T" 0 0 0 0 10
"chr3_93815799_G_A" 0 0 4 0 0
"chr3_94934513_A_T" 0 0 0 5 0
"chr3_9496304_G_T" 0 6 0 0 0
"chr3_96005049_T_G" 0 0 4 0 0
"chr3_96769343_G_A" 0 8 0 0 0
"chr3_98999463_G_A" 0 0 0 8 0
"chr3_99586010_G_A" 0 0 0 0 8
"chr4_101498332_G_T" 0 0 0 4 0
"chr4_101676981_T_G" 0 0 0 0 4
"chr4_103520626_T_C" 0 4 0 0 0
"chr4_103534955_C_A" 0 0 4 0 0
"chr4_106511204_C_T" 0 4 0 0 0
"chr4_108078283_C_T" 0 0 0 10 0
"chr4_111556372_C_T" 0 6 0 0 0
"chr4_112409629_C_T" 0 6 0 0 0
"chr4_114849858_C_T" 0 0 13 0 0
"chr4_115817411_A_G" 0 0 4 0 0
"chr4_116686103_G_A" 0 0 0 9 0
"chr4_118753260_C_T" 0 0 0 6 0
"chr4_121857956_G_T" 0 0 0 10 0
"chr4_125062213_C_T" 0 0 0 0 8
"chr4_12528672_G_A" 0 0 0 0 8
"chr4_125835943_G_T" 0 0 5 0 0
"chr4_126480099_C_G" 0 0 0 5 0
"chr4_128897146_A_G" 0 0 5 0 0
"chr4_132651861_G_A" 0 0 0 0 4
"chr4_132747893_A_T" 0 0 0 9 0
"chr4_134530061_T_C" 0 5 0 0 0
"chr4_134928680_T_A" 0 0 0 8 0
"chr4_135224552_G_T" 0 0 5 0 0
"chr4_135324177_G_A" 0 0 0 0 5
"chr4_135631637_C_T" 0 9 0 0 0
"chr4_135634428_T_A" 0 6 0 0 0
"chr4_135670432_G_A" 0 7 0 0 0
"chr4_136284001_A_T" 0 0 4 0 0
"chr4_137739346_G_T" 0 5 0 0 0
"chr4_137814779_T_C" 0 6 1 0 0
"chr4_138374020_G_A" 0 0 0 8 0
"chr4_140574017_A_G" 0 0 0 0 7
"chr4_141468618_G_A" 0 0 5 0 0
"chr4_145511342_A_G" 0 0 0 5 0
"chr4_145781121_G_A" 0 0 0 6 0
"chr4_147077628_C_A" 0 0 0 4 0
"chr4_149554795_G_T" 0 4 0 0 0
"chr4_151843250_C_G" 0 0 0 7 0
"chr4_152368220_G_A" 0 0 0 5 0
"chr4_15359663_G_A" 0 19 0 0 0
"chr4_153982975_G_A" 0 0 0 0 10
"chr4_156157190_G_C" 0 8 0 0 0
"chr4_156323742_G_A" 0 4 0 0 0
"chr4_15789922_T_A" 0 7 0 0 0
"chr4_159578834_T_A" 0 5 0 0 0
"chr4_160419912_G_C" 0 4 0 0 0
"chr4_160897369_C_T" 0 0 0 9 1
"chr4_161223519_T_C" 0 4 0 0 0
"chr4_162098205_C_T" 0 0 0 6 0
"chr4_162665761_T_C" 0 0 0 0 5
"chr4_162947444_G_A" 0 0 0 6 0
"chr4_163567849_T_A" 0 0 0 0 4
"chr4_164475272_T_G" 0 4 0 0 0
"chr4_166228422_C_T" 0 6 0 0 0
"chr4_166393023_G_A" 0 0 4 0 0
"chr4_167849238_C_T" 0 0 0 0 5
"chr4_168958983_A_T" 0 19 0 0 0
"chr4_170845054_C_G" 0 0 0 0 4
"chr4_17117462_T_G" 0 4 0 0 0
"chr4_171565255_A_T" 0 0 4 0 0
"chr4_172260377_G_T" 0 0 8 0 0
"chr4_172706399_G_T" 0 0 0 0 8
"chr4_173574485_C_T" 0 9 0 0 0
"chr4_173780284_T_C" 0 5 0 0 0
"chr4_174422494_G_T" 0 4 0 0 0
"chr4_174427827_G_A" 0 6 0 0 0
"chr4_175127650_G_A" 0 0 0 9 0
"chr4_175756553_T_C" 1 8 0 0 0
"chr4_177087316_A_C" 0 4 0 0 0
"chr4_177375865_C_T" 0 17 0 0 0
"chr4_178092427_C_T" 0 4 0 0 0
"chr4_178882335_G_C" 0 4 0 0 0
"chr4_179197763_G_A" 0 0 0 0 6
"chr4_179695603_C_T" 0 0 0 6 0
"chr4_179828593_T_G" 0 0 5 0 0
"chr4_179887920_C_T" 0 0 0 0 6
"chr4_180035790_C_A" 0 0 0 4 0
"chr4_180129486_G_T" 0 0 0 4 0
"chr4_180267242_G_A" 0 0 0 0 4
"chr4_182397890_G_A" 0 0 0 0 5
"chr4_183319341_G_A" 0 0 0 0 8
"chr4_185498204_C_A" 0 0 4 0 0
"chr4_186094160_T_C" 5 0 0 0 0
"chr4_187192040_G_A" 0 0 0 0 4
"chr4_187862664_G_A" 0 0 0 0 10
"chr4_19365058_T_A" 0 5 0 0 0
"chr4_20025282_G_A" 0 0 0 0 10
"chr4_20278980_C_T" 0 0 0 0 8
"chr4_20410866_C_T" 0 0 0 8 0
"chr4_21133365_C_G" 0 0 0 4 0
"chr4_22272831_C_T" 0 0 0 12 0
"chr4_22678981_G_A" 8 1 2 0 0
"chr4_24941005_C_T" 0 0 0 0 4
"chr4_26042379_A_T" 0 0 0 0 4
"chr4_26295009_C_A" 0 0 5 0 0
"chr4_27328679_G_A" 0 0 0 9 0
"chr4_27557060_C_A" 0 0 0 0 6
"chr4_28686632_C_T" 0 0 5 0 0
"chr4_29098125_C_T" 0 0 0 0 7
"chr4_29349529_G_A" 0 1 0 0 6
"chr4_29897829_C_T" 0 0 6 0 0
"chr4_31415053_T_C" 0 5 0 0 0
"chr4_33266475_G_A" 0 1 0 0 6
"chr4_35038498_C_T" 0 9 0 0 0
"chr4_35359042_G_T" 1 0 0 9 0
"chr4_35672618_G_T" 0 0 0 0 8
"chr4_35818653_G_A" 0 0 0 7 0
"chr4_3658882_G_A" 0 0 8 0 0
"chr4_3690225_G_A" 0 0 4 0 0
"chr4_37120563_C_T" 0 11 0 0 0
"chr4_37333244_G_A" 0 0 0 0 4
"chr4_38384071_C_T" 0 0 3 6 3
"chr4_3958237_A_G" 0 0 5 0 0
"chr4_42512333_G_C" 0 0 0 9 0
"chr4_42765662_C_T" 0 0 0 5 0
"chr4_43821055_T_C" 0 0 0 0 5
"chr4_43905770_G_A" 0 0 0 0 4
"chr4_44514655_A_T" 0 0 0 8 0
"chr4_44806414_C_T" 0 4 0 0 0
"chr4_4528093_C_A" 0 0 0 4 0
"chr4_45735068_C_T" 0 0 0 0 4
"chr4_45989956_G_A" 0 0 0 0 4
"chr4_46146370_C_T" 0 0 8 0 0
"chr4_46167476_G_C" 0 0 0 14 0
"chr4_46200211_A_T" 0 0 0 0 4
"chr4_46408788_A_C" 0 0 0 11 0
"chr4_47152616_T_G" 0 0 5 0 0
"chr4_47189157_G_A" 0 0 0 0 6
"chr4_47634007_A_T" 0 4 0 0 0
"chr4_52394093_C_T" 0 0 0 4 0
"chr4_53927905_A_T" 0 0 0 0 4
"chr4_56561454_G_T" 0 8 0 0 0
"chr4_5702175_G_T" 0 0 7 0 0
"chr4_58047941_G_A" 0 0 4 0 0
"chr4_58619657_A_T" 0 0 0 0 6
"chr4_59632569_G_A" 0 4 0 0 0
"chr4_60179761_T_C" 0 13 0 0 0
"chr4_60551311_C_A" 0 0 0 5 0
"chr4_62645289_T_A" 0 4 0 0 0
"chr4_63289396_C_G" 0 0 0 7 0
"chr4_63375829_G_A" 0 0 7 0 0
"chr4_63706632_C_A" 0 0 8 0 0
"chr4_64065715_A_G" 0 5 0 0 0
"chr4_64817388_C_G" 0 7 0 0 0
"chr4_65371961_C_T" 0 0 0 0 5
"chr4_66154014_G_A" 0 0 0 6 0
"chr4_67294956_G_A" 0 0 0 0 5
"chr4_67669382_A_G" 0 0 0 10 0
"chr4_69130952_C_A" 0 0 4 0 0
"chr4_69535502_C_T" 0 4 0 0 0
"chr4_70649744_G_A" 0 0 0 0 5
"chr4_71544540_A_G" 0 4 0 0 0
"chr4_72143739_C_T" 0 9 0 0 0
"chr4_72469895_C_T" 0 0 5 0 0
"chr4_7309850_G_A" 0 0 0 0 4
"chr4_74946829_G_A" 0 0 0 0 5
"chr4_78181525_G_A" 0 0 0 0 4
"chr4_78688141_T_A" 0 0 0 4 0
"chr4_79638726_T_A" 0 0 8 0 0
"chr4_80165840_T_G" 0 0 7 0 0
"chr4_82349515_C_G" 0 0 0 5 0
"chr4_84235393_T_C" 5 0 0 0 0
"chr4_86320789_G_A" 0 0 0 7 0
"chr4_87756883_G_A" 0 4 0 0 0
"chr4_8909089_G_T" 0 0 4 0 0
"chr4_89855305_T_A" 0 0 0 6 0
"chr4_90412858_G_T" 0 0 4 0 0
"chr4_90630050_T_G" 0 0 0 0 4
"chr4_92756087_C_T" 0 0 13 0 0
"chr4_93356087_T_A" 0 0 0 8 0
"chr4_93775599_G_A" 0 0 0 4 0
"chr4_94356340_A_C" 0 5 0 0 0
"chr4_95989214_G_A" 0 0 0 11 0
"chr4_96518421_C_T" 0 0 11 0 0
"chr4_97494897_C_T" 0 0 0 8 0
"chr4_97580201_C_T" 0 0 0 0 5
"chr4_98590654_G_T" 0 0 0 4 0
"chr5_101569282_G_A" 0 4 0 0 0
"chr5_101714190_C_T" 0 0 0 7 0
"chr5_102671991_C_T" 0 0 0 0 5
"chr5_105449689_G_A" 0 0 0 6 0
"chr5_10576368_C_T" 0 0 4 0 0
"chr5_111364587_G_A" 0 0 0 8 0
"chr5_112232128_A_G" 6 0 3 0 0
"chr5_11502384_A_G" 0 0 0 7 0
"chr5_115543043_T_C" 0 8 0 0 0
"chr5_115771750_A_T" 0 0 0 0 7
"chr5_116438004_A_G" 0 0 0 0 5
"chr5_116808334_T_A" 0 0 0 8 0
"chr5_11684540_C_A" 0 0 0 0 4
"chr5_118426633_G_A" 0 0 0 13 0
"chr5_118829684_T_A" 0 0 0 0 4
"chr5_120212213_A_C" 0 0 0 0 4
"chr5_120929834_C_T" 0 0 0 5 0
"chr5_12268435_C_A" 0 0 9 0 0
"chr5_124792756_G_T" 0 0 8 0 0
"chr5_126699054_T_C" 0 0 0 5 0
"chr5_127705355_T_C" 0 0 7 0 0
"chr5_128752993_A_G" 0 0 0 7 0
"chr5_130899181_C_T" 0 0 0 0 6
"chr5_13101804_C_A" 0 0 4 0 0
"chr5_135085139_G_A" 0 0 4 0 0
"chr5_135924892_A_T" 0 0 0 0 4
"chr5_136288063_C_A" 0 0 4 0 0
"chr5_136313255_C_A" 0 0 0 0 4
"chr5_136544087_G_T" 0 0 0 8 0
"chr5_136755722_T_C" 0 0 0 5 0
"chr5_136764048_G_T" 0 0 0 0 6
"chr5_137472218_C_A" 0 0 0 5 0
"chr5_13766622_G_C" 0 0 0 7 0
"chr5_139092976_G_A" 0 0 0 9 0
"chr5_140464581_T_A" 0 0 0 4 0
"chr5_140592349_C_T" 0 0 0 5 0
"chr5_140852972_G_A" 0 6 0 0 0
"chr5_141666438_C_T" 0 4 0 0 0
"chr5_142371506_A_C" 0 0 0 4 0
"chr5_142739776_T_C" 0 5 0 0 0
"chr5_145385432_G_C" 0 0 5 0 0
"chr5_146257269_G_C" 0 0 0 5 0
"chr5_146694497_T_C" 0 4 0 0 0
"chr5_146964143_C_A" 0 0 6 0 0
"chr5_149087403_G_T" 0 0 5 0 0
"chr5_150541156_C_G" 0 0 4 0 0
"chr5_151043116_A_G" 0 0 0 9 0
"chr5_151173076_G_A" 0 0 0 6 0
"chr5_151363616_C_T" 0 4 0 0 0
"chr5_155884855_C_T" 0 5 0 0 0
"chr5_156784968_G_A" 0 0 4 0 0
"chr5_15698050_C_T" 0 0 0 0 5
"chr5_158731118_A_G" 0 0 4 0 0
"chr5_159342479_C_T" 0 0 0 0 5
"chr5_159393875_A_C" 0 0 0 0 7
"chr5_161960482_C_T" 0 0 0 0 5
"chr5_163917648_C_T" 0 0 0 7 0
"chr5_163964029_C_T" 0 0 0 0 9
"chr5_164753520_G_T" 0 6 0 0 0
"chr5_16569057_C_G" 0 10 0 0 0
"chr5_165756976_G_T" 0 0 0 4 0
"chr5_166130301_C_T" 0 0 8 0 0
"chr5_167248274_A_T" 0 9 0 0 0
"chr5_169287764_C_T" 1 0 0 0 6
"chr5_175675124_C_T" 0 7 0 0 0
"chr5_179238238_C_T" 0 0 0 6 0
"chr5_180192231_C_T" 0 0 6 0 0
"chr5_18354119_C_T" 0 0 0 0 6
"chr5_18537662_G_A" 0 0 0 0 6
"chr5_19001850_C_T" 2 0 0 0 5
"chr5_19811296_A_T" 0 0 0 6 0
"chr5_21020532_G_A" 0 0 0 4 0
"chr5_21157022_A_G" 0 0 0 0 5
"chr5_2143476_C_T" 0 0 4 0 0
"chr5_21953942_A_G" 0 0 0 0 5
"chr5_23671684_G_T" 0 0 0 0 4
"chr5_24056081_C_A" 0 10 0 0 0
"chr5_24787488_T_A" 0 4 0 0 0
"chr5_25614606_G_T" 0 0 0 11 0
"chr5_25625848_C_T" 0 0 0 2 6
"chr5_26266292_C_A" 0 0 0 0 7
"chr5_27531180_A_G" 0 0 6 0 0
"chr5_28127409_A_T" 0 0 8 0 0
"chr5_28270609_C_T" 0 10 0 0 0
"chr5_28371904_C_T" 0 0 0 8 0
"chr5_28531777_T_C" 0 0 0 9 0
"chr5_28714418_T_A" 0 0 0 0 4
"chr5_28766026_T_A" 0 0 10 0 0
"chr5_28891228_G_A" 0 8 0 0 0
"chr5_30026286_T_A" 0 4 0 0 0
"chr5_30125685_T_C" 0 0 0 4 0
"chr5_32764645_G_T" 0 8 0 0 0
"chr5_34749100_A_T" 0 0 0 0 4
"chr5_34908038_T_A" 0 0 0 4 0
"chr5_35356636_G_T" 0 0 0 5 0
"chr5_35794353_T_G" 0 10 0 0 0
"chr5_3831344_G_A" 0 7 0 0 0
"chr5_39963312_T_G" 4 0 0 0 0
"chr5_42001428_C_T" 0 0 0 0 9
"chr5_4324506_C_T" 0 0 6 0 0
"chr5_43362039_A_C" 0 4 0 0 0
"chr5_4336696_C_T" 0 0 0 0 8
"chr5_4342447_C_T" 0 0 0 5 0
"chr5_4487203_T_C" 0 4 0 0 0
"chr5_45202547_A_G" 0 0 8 0 0
"chr5_45260343_G_A" 0 0 5 0 0
"chr5_4687247_C_T" 0 0 0 4 0
"chr5_4773939_T_A" 0 4 0 0 0
"chr5_4996753_G_A" 0 0 9 0 0
"chr5_50537110_G_A" 0 0 0 0 6
"chr5_51081019_C_T" 0 0 0 0 5
"chr5_57117561_C_T" 0 0 0 6 0
"chr5_57733201_C_T" 0 0 0 0 5
"chr5_58167728_A_T" 0 0 5 0 0
"chr5_5822941_G_T" 0 0 0 4 0
"chr5_60673490_G_A" 0 21 0 1 0
"chr5_61753676_G_A" 0 0 4 0 0
"chr5_62692780_G_A" 0 0 0 4 0
"chr5_63013361_C_T" 0 0 0 6 0
"chr5_63645734_T_C" 0 0 7 0 0
"chr5_63814896_G_A" 0 0 0 0 4
"chr5_6537314_C_T" 0 0 0 0 8
"chr5_65554445_C_T" 0 0 0 6 0
"chr5_68129040_G_A" 0 0 0 0 8
"chr5_68818260_G_T" 0 0 8 0 0
"chr5_7100783_T_C" 0 6 0 0 0
"chr5_74352899_G_T" 0 0 0 4 0
"chr5_75114578_C_T" 0 12 6 5 3
"chr5_85383038_G_A" 0 0 0 0 5
"chr5_85988419_G_A" 0 0 0 4 0
"chr5_87090505_A_G" 0 0 0 6 0
"chr5_87334987_G_T" 0 0 0 5 0
"chr5_88622775_G_A" 0 0 0 0 12
"chr5_88670645_C_T" 0 0 8 0 0
"chr5_89722139_T_C" 0 0 4 0 0
"chr5_89842057_T_A" 0 4 0 0 0
"chr5_89988300_C_T" 0 0 0 0 4
"chr5_93513031_G_T" 0 1 0 5 0
"chr5_94535690_A_T" 0 4 0 0 0
"chr5_95833952_T_A" 1 0 4 0 0
"chr5_9593499_G_A" 0 0 0 0 5
"chr6_101519244_G_T" 0 0 0 9 0
"chr6_101749962_G_A" 0 0 0 0 5
"chr6_102116104_C_A" 0 8 0 0 0
"chr6_103391741_T_C" 0 0 12 0 0
"chr6_103611023_T_C" 0 7 0 0 0
"chr6_103784241_A_T" 0 0 0 0 6
"chr6_104872852_C_G" 0 0 0 0 5
"chr6_10654765_G_A" 0 0 0 6 0
"chr6_111504842_G_T" 0 0 4 0 0
"chr6_112485140_C_A" 0 10 0 0 0
"chr6_115245068_G_A" 0 0 4 0 0
"chr6_115847110_C_T" 0 0 0 0 11
"chr6_120548495_T_C" 0 0 0 0 4
"chr6_120719430_G_T" 0 0 11 0 0
"chr6_122165794_C_T" 0 0 0 0 4
"chr6_122561759_G_T" 0 0 5 0 0
"chr6_122779904_G_A" 0 0 0 4 0
"chr6_124850094_G_T" 0 0 0 0 7
"chr6_125587250_A_T" 0 4 0 0 0
"chr6_127536393_G_A" 0 0 0 6 0
"chr6_129328172_G_A" 0 0 0 4 0
"chr6_130349327_G_A" 0 0 0 9 0
"chr6_132944580_G_A" 0 7 0 0 0
"chr6_133104557_G_A" 0 0 0 0 5
"chr6_133893451_C_T" 0 0 0 0 9
"chr6_135972650_C_A" 0 0 0 5 0
"chr6_141403004_C_A" 0 0 0 0 7
"chr6_141837007_G_C" 4 0 0 0 0
"chr6_141966956_C_A" 0 6 0 0 0
"chr6_141966987_T_C" 0 6 0 0 0
"chr6_142165932_C_A" 0 0 0 4 0
"chr6_142834624_G_A" 0 5 0 1 0
"chr6_143686335_G_T" 0 0 0 4 0
"chr6_146234306_C_T" 0 0 5 0 0
"chr6_146770759_G_A" 0 8 0 0 0
"chr6_147402475_G_C" 0 0 0 0 4
"chr6_148741418_T_A" 0 5 0 0 0
"chr6_152786801_C_A" 0 0 6 0 1
"chr6_15350660_T_G" 0 4 0 0 1
"chr6_156209681_T_A" 0 4 0 0 0
"chr6_157548485_T_C" 0 5 0 0 0
"chr6_158179900_A_G" 0 0 5 0 0
"chr6_15898767_G_C" 0 0 0 6 0
"chr6_160335647_C_T" 0 0 9 0 0
"chr6_161729539_T_G" 0 4 0 0 0
"chr6_162464239_A_G" 0 0 0 5 0
"chr6_162747069_C_A" 0 0 0 4 0
"chr6_163985495_C_T" 0 0 4 0 0
"chr6_164013911_G_A" 0 0 0 0 8
"chr6_164082179_C_T" 0 7 0 0 0
"chr6_164228202_G_A" 0 13 0 0 0
"chr6_167200079_C_T" 0 0 4 0 0
"chr6_167996391_G_A" 0 0 0 4 0
"chr6_168843785_A_G" 0 0 9 0 0
"chr6_170064191_G_A" 0 8 0 0 0
"chr6_170140316_G_A" 0 0 0 0 4
"chr6_18308013_G_A" 0 0 0 0 5
"chr6_18549139_G_T" 0 0 0 10 0
"chr6_18856802_G_T" 0 0 0 0 4
"chr6_205831_C_T" 1 0 0 0 6
"chr6_21678254_G_A" 0 0 0 5 0
"chr6_23042893_C_T" 0 0 0 9 0
"chr6_24002119_G_A" 0 0 0 0 4
"chr6_25337354_T_C" 0 0 0 7 0
"chr6_25938682_G_A" 0 5 0 0 0
"chr6_28053803_G_A" 0 0 1 0 5
"chr6_28525137_T_C" 0 4 0 0 0
"chr6_30365052_C_A" 0 0 0 0 4
"chr6_31263984_G_A" 0 0 0 0 8
"chr6_31715621_A_G" 0 8 0 0 0
"chr6_32143426_A_T" 0 17 0 0 0
"chr6_3765112_G_A" 0 4 0 0 0
"chr6_37974734_A_G" 0 0 7 0 0
"chr6_38363127_T_A" 0 5 0 0 0
"chr6_38511825_G_A" 0 0 0 7 0
"chr6_39490257_C_T" 0 0 5 0 0
"chr6_41096382_G_A" 0 0 4 0 0
"chr6_4493116_G_A" 0 0 0 0 7
"chr6_46500818_G_T" 0 9 0 0 0
"chr6_47612354_A_G" 0 0 7 0 0
"chr6_48743602_G_A" 0 0 4 0 0
"chr6_49078798_G_A" 0 0 0 5 0
"chr6_50512359_C_A" 0 0 0 6 0
"chr6_52289323_G_T" 0 0 0 4 0
"chr6_54408609_A_G" 0 0 7 0 0
"chr6_54408615_G_A" 0 0 7 0 0
"chr6_56573836_T_C" 0 9 0 0 0
"chr6_57409654_T_G" 0 0 0 0 4
"chr6_60516495_C_T" 0 0 0 0 8
"chr6_60601838_A_C" 0 0 0 4 0
"chr6_6062414_G_A" 0 0 5 0 0
"chr6_62142755_C_T" 0 0 0 4 0
"chr6_6225042_C_T" 0 0 4 0 0
"chr6_62832542_G_T" 0 4 0 0 0
"chr6_62868595_G_A" 0 0 0 6 0
"chr6_64457787_T_C" 0 0 8 0 0
"chr6_65622523_A_G" 0 0 10 0 0
"chr6_66139239_C_T" 0 0 0 0 6
"chr6_66181627_G_T" 0 0 0 10 0
"chr6_66198923_A_G" 0 0 0 0 5
"chr6_68561335_C_T" 0 0 4 0 0
"chr6_69056616_C_T" 0 0 0 0 6
"chr6_69126380_G_A" 0 0 0 0 5
"chr6_69436827_G_A" 0 0 6 0 0
"chr6_74386876_C_T" 0 0 0 0 4
"chr6_74534748_A_T" 0 0 7 0 0
"chr6_7634483_A_G" 0 0 0 4 0
"chr6_7753886_G_A" 0 0 5 0 0
"chr6_79577981_A_T" 0 0 0 8 0
"chr6_79943017_T_C" 0 5 0 0 0
"chr6_81158989_C_T" 0 0 9 0 0
"chr6_83720010_G_A" 0 0 1 0 5
"chr6_85126382_A_T" 4 0 0 0 0
"chr6_88211059_G_A" 0 0 0 0 4
"chr6_88968050_G_T" 0 0 0 4 0
"chr6_89340649_T_C" 0 6 0 0 0
"chr6_90076115_C_A" 0 5 0 0 0
"chr6_9036822_A_G" 0 9 0 0 0
"chr6_91779952_C_G" 0 0 5 0 0
"chr6_9240185_G_A" 0 0 0 4 0
"chr6_93457993_C_T" 0 0 6 0 0
"chr6_94132620_C_T" 0 5 0 0 0
"chr6_96007995_C_A" 0 0 0 5 0
"chr6_96376467_G_A" 0 0 0 8 0
"chr6_96497461_C_G" 0 0 0 7 0
"chr6_97738206_C_A" 0 6 0 0 0
"chr6_97917759_C_T" 0 0 0 0 4
"chr6_9953213_C_T" 0 6 0 0 0
"chr6_99929937_C_T" 1 4 0 0 3
"chr7_10032988_G_T" 0 0 0 7 0
"chr7_100525365_C_G" 0 0 0 7 0
"chr7_10480372_G_A" 0 0 0 0 5
"chr7_105094084_A_G" 0 5 0 0 0
"chr7_10586371_C_T" 0 0 0 1 10
"chr7_10592369_C_T" 0 6 0 0 0
"chr7_107069190_C_T" 0 4 0 0 0
"chr7_10793509_T_A" 0 0 5 0 0
"chr7_108896583_G_A" 0 0 0 0 7
"chr7_111017123_A_G" 0 0 0 4 0
"chr7_111275856_T_C" 0 0 0 6 0
"chr7_11446654_G_A" 0 0 0 0 6
"chr7_116000309_C_T" 0 0 0 4 0
"chr7_118461049_C_T" 0 0 7 0 0
"chr7_119864023_G_A" 0 4 0 0 0
"chr7_120503812_G_A" 0 0 0 0 5
"chr7_120776974_A_G" 0 0 6 0 0
"chr7_12172985_C_T" 0 0 5 0 0
"chr7_121775777_A_C" 0 0 7 0 0
"chr7_12242568_G_A" 0 0 0 0 7
"chr7_123180478_A_G" 0 0 0 10 0
"chr7_124523786_G_A" 0 0 0 7 0
"chr7_124677999_A_T" 0 0 0 0 4
"chr7_125848917_T_C" 0 0 0 0 6
"chr7_126854574_C_T" 0 0 9 0 0
"chr7_126932993_C_A" 0 0 0 0 8
"chr7_130221418_G_C" 0 0 6 0 0
"chr7_130618518_C_A" 0 0 0 4 0
"chr7_131503008_G_A" 0 0 0 0 6
"chr7_136500221_C_T" 0 0 0 0 7
"chr7_137127197_A_T" 1 0 0 0 4
"chr7_1377695_C_T" 0 0 6 0 0
"chr7_137771288_G_A" 0 0 0 0 5
"chr7_141101008_A_G" 0 0 0 12 0
"chr7_143398368_G_A" 0 0 7 6 4
"chr7_14381130_C_T" 0 0 4 0 0
"chr7_144105152_T_C" 0 0 4 0 0
"chr7_144938464_G_T" 0 8 0 0 0
"chr7_145140809_G_T" 1 0 10 0 0
"chr7_145313679_A_T" 0 8 0 0 0
"chr7_145503142_G_A" 0 0 5 0 0
"chr7_146210564_G_A" 0 0 0 4 0
"chr7_148342334_A_C" 0 0 0 8 0
"chr7_148684694_G_A" 0 5 0 0 0
"chr7_149489860_G_A" 0 0 4 0 0
"chr7_150736846_A_G" 0 0 0 6 0
"chr7_150855267_G_A" 0 0 0 0 4
"chr7_150951623_G_A" 0 0 0 0 4
"chr7_153834160_G_A" 0 0 0 0 8
"chr7_154454473_G_A" 0 0 0 0 4
"chr7_154472096_G_A" 0 0 0 0 7
"chr7_154758524_G_A" 0 0 0 0 6
"chr7_15560992_C_T" 0 0 12 0 0
"chr7_156548858_C_T" 0 7 0 0 1
"chr7_158093503_G_A" 0 0 0 7 0
"chr7_159243140_A_T" 0 0 0 4 0
"chr7_18104744_G_A" 0 0 0 9 0
"chr7_18260035_C_A" 0 0 0 4 0
"chr7_19358653_C_T" 0 11 0 0 0
"chr7_20379668_A_G" 0 0 0 4 0
"chr7_20846583_C_A" 0 0 4 0 0
"chr7_21063560_G_A" 0 0 0 5 0
"chr7_21535288_C_T" 0 0 0 0 4
"chr7_22847894_T_A" 0 5 0 0 0
"chr7_24188501_A_G" 0 0 8 0 0
"chr7_24432713_T_C" 0 5 0 0 0
"chr7_24646704_G_T" 0 7 0 0 0
"chr7_25451141_C_T" 0 6 0 0 0
"chr7_26628675_G_T" 0 0 4 0 0
"chr7_27871764_T_C" 0 0 6 0 0
"chr7_30805762_G_A" 0 0 6 0 0
"chr7_3339467_G_A" 0 0 0 11 0
"chr7_34326954_G_A" 0 7 0 0 0
"chr7_35675768_T_A" 0 0 0 0 5
"chr7_3674727_A_G" 0 5 0 0 0
"chr7_42343402_T_A" 0 0 4 0 0
"chr7_43323626_C_T" 0 0 0 0 4
"chr7_43384714_C_T" 0 4 0 0 0
"chr7_43390325_G_A" 0 0 7 0 0
"chr7_43896082_A_T" 0 0 4 0 0
"chr7_45161903_G_A" 0 4 0 0 0
"chr7_46475425_G_C" 0 0 5 0 0
"chr7_49924164_G_A" 0 0 0 0 5
"chr7_50293668_G_T" 0 1 0 6 0
"chr7_53171606_C_G" 0 0 4 0 0
"chr7_53304652_G_A" 0 0 8 0 0
"chr7_53790582_C_T" 0 0 0 0 4
"chr7_54038314_C_T" 0 0 0 8 0
"chr7_56161175_C_T" 0 0 0 0 5
"chr7_56440244_C_T" 0 0 0 0 5
"chr7_57678701_G_T" 0 0 0 0 7
"chr7_58106902_A_T" 0 4 0 0 0
"chr7_62736381_C_T" 0 0 8 0 0
"chr7_66196835_C_G" 0 0 0 6 0
"chr7_66435623_G_A" 0 7 0 0 0
"chr7_67476481_C_T" 0 0 0 6 0
"chr7_68188660_G_T" 0 6 0 0 0
"chr7_68863700_C_T" 0 0 8 0 0
"chr7_69116248_C_A" 0 0 8 0 0
"chr7_70255230_C_T" 0 0 0 0 9
"chr7_71019029_C_T" 0 5 0 0 0
"chr7_71139853_C_T" 0 4 0 0 0
"chr7_71401527_C_T" 0 5 0 0 0
"chr7_71807857_C_T" 0 0 7 0 0
"chr7_71833792_C_G" 0 0 0 4 0
"chr7_74332606_G_T" 0 0 0 0 4
"chr7_75841889_C_T" 0 0 0 0 4
"chr7_77439237_A_G" 0 0 4 0 0
"chr7_79218627_T_C" 0 0 5 0 0
"chr7_80983554_G_T" 0 6 0 0 0
"chr7_82703736_T_G" 0 0 11 0 0
"chr7_83363988_G_A" 0 0 0 0 4
"chr7_83764197_G_A" 0 0 0 6 0
"chr7_8571915_G_A" 0 5 0 0 0
"chr7_86007399_C_A" 0 0 0 0 5
"chr7_86630179_C_A" 0 0 0 0 8
"chr7_87768325_G_A" 0 0 0 0 9
"chr7_8829078_G_A" 0 0 0 0 5
"chr7_92058514_G_A" 0 0 5 0 0
"chr7_9353769_G_T" 0 0 0 5 0
"chr7_9633765_G_A" 0 0 0 0 6
"chr7_96482666_A_G" 0 5 0 0 0
"chr7_96711325_A_T" 0 0 0 7 0
"chr7_97300010_G_T" 0 0 0 6 0
"chr8_100704464_C_A" 0 0 0 4 0
"chr8_101823826_T_C" 0 0 0 5 0
"chr8_102184959_C_A" 0 0 0 4 0
"chr8_103137860_C_T" 0 0 0 12 0
"chr8_103731129_C_A" 0 0 0 1 4
"chr8_104029733_T_A" 0 0 4 0 0
"chr8_104248304_A_G" 0 0 0 14 0
"chr8_104555112_T_C" 0 0 6 0 0
"chr8_105208543_C_T" 0 9 0 0 0
"chr8_105383233_G_A" 0 0 0 0 4
"chr8_107678442_C_T" 0 0 0 11 0
"chr8_108907312_G_A" 0 0 0 0 5
"chr8_110024124_G_A" 0 4 0 0 0
"chr8_110380804_T_C" 0 5 0 0 0
"chr8_11067906_C_T" 0 0 4 0 0
"chr8_111317569_G_A" 0 5 0 0 0
"chr8_111752052_T_A" 0 8 0 0 0
"chr8_111871838_G_A" 0 0 4 0 0
"chr8_111971445_T_A" 1 6 0 0 0
"chr8_113411159_C_T" 0 0 0 6 0
"chr8_114162897_C_T" 0 4 0 0 0
"chr8_114536645_C_T" 0 6 0 0 0
"chr8_114985773_G_A" 0 0 0 0 5
"chr8_116969548_A_C" 0 0 0 4 0
"chr8_118163094_T_A" 0 6 0 0 0
"chr8_119149324_C_T" 0 0 5 0 0
"chr8_123052415_A_C" 0 7 0 0 0
"chr8_123255934_G_A" 0 0 0 0 9
"chr8_124401622_C_T" 0 0 5 5 7
"chr8_127477353_C_A" 0 0 0 4 0
"chr8_128018178_A_T" 0 8 0 0 0
"chr8_136597315_T_C" 0 0 0 0 4
"chr8_136991016_C_A" 0 0 0 0 9
"chr8_137424100_C_T" 0 0 0 0 7
"chr8_137428507_A_T" 0 0 0 7 0
"chr8_137604815_C_T" 0 0 0 0 5
"chr8_137986498_G_C" 0 6 0 0 0
"chr8_139972391_T_G" 0 6 0 0 0
"chr8_141654215_C_A" 0 0 0 0 4
"chr8_14177294_G_T" 0 1 0 4 0
"chr8_14278887_A_G" 0 7 0 0 0
"chr8_14350570_C_T" 0 5 0 0 0
"chr8_144221542_G_A" 0 5 0 0 0
"chr8_144269928_G_A" 0 0 0 7 0
"chr8_14591478_A_T" 0 6 0 0 0
"chr8_15172958_C_T" 0 0 5 0 0
"chr8_15244133_G_A" 0 0 6 0 0
"chr8_15480377_A_G" 0 6 0 0 0
"chr8_16123091_C_T" 0 0 5 0 0
"chr8_18310516_G_A" 0 4 0 0 0
"chr8_18387325_C_T" 0 0 0 7 0
"chr8_19039216_T_C" 0 0 4 0 0
"chr8_19090368_G_T" 0 0 4 0 0
"chr8_2237165_T_C" 0 9 0 0 0
"chr8_22828921_C_T" 0 5 0 0 0
"chr8_24639899_C_T" 0 0 0 7 0
"chr8_25296845_G_A" 0 12 1 0 0
"chr8_25829950_C_T" 0 0 0 0 8
"chr8_264217_C_A" 0 0 0 4 0
"chr8_26816346_A_G" 0 0 0 4 0
"chr8_26921232_G_A" 0 0 7 0 0
"chr8_27035214_A_T" 0 6 0 0 0
"chr8_27923706_G_C" 0 0 0 10 0
"chr8_30103932_G_T" 0 0 0 4 0
"chr8_30151212_G_A" 0 0 9 0 0
"chr8_30211638_G_C" 0 0 0 5 0
"chr8_30910722_T_G" 0 4 0 0 0
"chr8_31267725_T_A" 0 5 0 0 0
"chr8_32537249_C_A" 0 0 4 0 0
"chr8_32879361_C_T" 0 0 0 7 0
"chr8_33150271_C_T" 0 0 0 10 0
"chr8_34701117_C_T" 0 0 0 5 0
"chr8_3544271_G_A" 0 6 0 0 0
"chr8_36041776_C_T" 0 0 0 0 6
"chr8_3715919_G_A" 0 5 0 0 0
"chr8_3863447_G_A" 0 0 0 12 0
"chr8_38669844_G_A" 0 6 0 0 0
"chr8_40910996_C_T" 0 0 0 0 4
"chr8_41776621_C_A" 0 0 0 4 0
"chr8_43867513_A_C" 0 0 7 4 7
"chr8_46622190_G_T" 0 11 0 0 1
"chr8_48899929_C_A" 0 5 0 0 0
"chr8_50560636_C_T" 0 0 0 0 10
"chr8_5080354_A_T" 0 5 0 0 0
"chr8_5301343_A_T" 0 0 0 0 5
"chr8_53107200_T_G" 0 0 12 0 0
"chr8_54965643_G_A" 0 10 0 0 0
"chr8_55371294_G_A" 0 0 0 4 0
"chr8_55451932_C_T" 0 0 0 11 0
"chr8_57643616_G_T" 0 1 0 0 4
"chr8_57843213_G_A" 1 0 6 0 0
"chr8_59409029_T_G" 0 0 4 0 0
"chr8_60032268_C_T" 0 0 0 0 5
"chr8_6109018_A_T" 0 4 0 0 0
"chr8_61372497_G_A" 0 0 5 0 0
"chr8_62676795_C_T" 0 6 0 0 0
"chr8_63676746_G_A" 0 0 0 0 8
"chr8_6440707_G_T" 0 0 0 0 4
"chr8_70009778_G_A" 1 0 14 0 0
"chr8_70503879_G_A" 0 7 0 0 0
"chr8_71757771_C_T" 0 0 0 0 5
"chr8_72253581_C_T" 0 0 0 5 0
"chr8_72931927_C_T" 0 0 0 7 0
"chr8_73681462_A_G" 0 0 0 0 5
"chr8_74489706_C_T" 0 0 0 0 6
"chr8_75159013_T_C" 0 7 0 0 0
"chr8_75844209_A_C" 0 7 0 0 0
"chr8_75887939_A_G" 0 4 0 0 0
"chr8_76092825_C_T" 0 0 0 0 7
"chr8_77521362_G_T" 0 0 9 0 0
"chr8_77937951_C_T" 0 0 0 5 0
"chr8_78341885_C_T" 0 0 0 6 0
"chr8_80341968_A_G" 0 0 0 12 0
"chr8_81721567_G_T" 0 0 5 0 0
"chr8_84704780_T_G" 0 0 5 0 0
"chr8_86650054_G_A" 0 9 0 0 0
"chr8_87376714_T_C" 0 0 0 0 5
"chr8_87541315_G_C" 0 0 0 8 0
"chr8_88221236_A_T" 0 4 0 0 0
"chr8_88587166_G_A" 0 0 5 0 0
"chr8_89175721_A_T" 0 0 4 0 0
"chr8_89971590_G_T" 0 0 0 0 5
"chr8_90006189_A_T" 0 4 0 0 0
"chr8_92269017_G_T" 0 0 0 8 0
"chr8_94645302_C_G" 0 0 0 8 0
"chr8_95407741_C_T" 0 0 0 0 4
"chr8_97954339_G_A" 0 6 0 0 0
"chr9_100134042_C_T" 0 0 7 0 0
"chr9_100137502_C_T" 0 0 0 4 0
"chr9_101777969_G_T" 0 10 0 0 0
"chr9_102040501_C_T" 0 0 6 0 0
"chr9_102086994_C_T" 0 0 0 5 0
"chr9_103630933_G_A" 0 9 0 1 0
"chr9_104038269_C_T" 0 0 0 8 0
"chr9_104383941_C_A" 0 4 0 0 0
"chr9_107645662_C_T" 0 0 13 0 0
"chr9_110432810_C_T" 0 7 0 0 0
"chr9_113569043_C_G" 0 4 0 0 0
"chr9_115305772_C_T" 0 0 4 0 0
"chr9_115477791_C_T" 0 0 0 0 7
"chr9_115708002_A_G" 0 0 0 0 8
"chr9_116250350_C_T" 0 0 0 4 0
"chr9_117107905_G_A" 0 0 7 0 0
"chr9_118952746_C_T" 0 0 0 0 4
"chr9_11947406_G_A" 0 0 0 0 4
"chr9_122868603_G_T" 0 0 0 0 5
"chr9_123436016_C_G" 0 0 0 6 0
"chr9_123466972_G_T" 0 0 0 4 0
"chr9_124172602_C_T" 0 0 0 0 7
"chr9_126060561_C_T" 0 0 0 0 5
"chr9_126097636_G_A" 0 0 0 0 7
"chr9_12734636_C_T" 0 4 0 0 0
"chr9_13072673_C_A" 0 0 0 0 4
"chr9_131375818_G_C" 0 0 0 4 0
"chr9_131765177_C_T" 1 0 0 0 4
"chr9_131977205_C_T" 0 0 8 0 0
"chr9_132809597_T_C" 0 19 0 0 0
"chr9_133036954_C_T" 0 0 13 0 0
"chr9_13335341_T_C" 0 7 0 0 0
"chr9_133662125_C_T" 0 0 8 0 0
"chr9_134466933_G_A" 0 0 4 0 0
"chr9_134716983_G_A" 0 0 0 9 0
"chr9_134992911_C_T" 0 0 0 9 0
"chr9_135754588_G_A" 0 0 5 0 0
"chr9_135910114_C_A" 1 0 0 0 4
"chr9_1365715_T_A" 0 0 8 0 0
"chr9_136600152_C_A" 0 8 0 0 0
"chr9_13891417_T_A" 0 0 9 0 0
"chr9_16184223_T_C" 0 4 0 0 0
"chr9_17122182_G_T" 0 0 4 0 0
"chr9_17149652_G_A" 0 0 0 9 0
"chr9_18646181_C_A" 0 0 0 6 0
"chr9_19573695_G_A" 0 0 0 4 0
"chr9_19575881_C_A" 0 0 0 0 4
"chr9_20499483_T_C" 0 0 4 0 0
"chr9_20885724_A_T" 0 0 4 0 0
"chr9_21468690_T_G" 0 0 0 6 0
"chr9_21981331_G_A" 0 0 12 0 0
"chr9_22213385_A_T" 0 0 5 0 0
"chr9_23180000_C_T" 0 6 0 0 0
"chr9_23270804_C_T" 0 5 0 0 0
"chr9_23998859_G_T" 0 0 5 0 0
"chr9_24117971_A_G" 0 4 0 0 0
"chr9_25489747_A_C" 0 0 4 0 0
"chr9_25921610_A_T" 0 0 5 0 0
"chr9_26130158_A_T" 0 0 0 0 5
"chr9_27871307_T_A" 4 0 0 0 0
"chr9_29388840_G_A" 0 0 0 5 0
"chr9_2954979_C_T" 4 0 0 0 0
"chr9_29690134_A_T" 0 0 0 0 4
"chr9_29939370_G_A" 0 0 4 0 0
"chr9_30165823_T_A" 0 0 7 0 0
"chr9_31626236_A_G" 0 0 4 0 0
"chr9_32157798_T_A" 0 4 0 0 0
"chr9_34480022_G_T" 0 0 0 0 4
"chr9_34710946_C_G" 0 0 0 4 0
"chr9_35382452_C_A" 0 0 6 0 0
"chr9_3595465_G_A" 0 9 0 0 0
"chr9_36032252_G_A" 0 0 0 0 7
"chr9_37234535_A_T" 0 14 0 0 0
"chr9_37310153_C_T" 0 0 0 4 0
"chr9_38046411_T_C" 0 0 5 0 0
"chr9_38689394_C_T" 0 0 0 0 6
"chr9_42230588_T_G" 0 5 0 2 0
"chr9_42242405_G_A" 0 6 0 0 0
"chr9_42967137_G_A" 0 0 0 0 5
"chr9_60768372_C_A" 0 0 0 4 0
"chr9_6268916_C_G" 0 4 0 0 0
"chr9_69553071_T_A" 0 8 0 0 0
"chr9_7027463_T_C" 0 0 0 0 8
"chr9_73209026_C_T" 0 0 0 9 0
"chr9_75985078_G_T" 1 9 0 0 0
"chr9_78280944_A_T" 0 0 4 0 0
"chr9_79197695_C_T" 0 0 0 0 9
"chr9_79428162_T_A" 0 0 4 0 0
"chr9_80054866_G_T" 0 14 0 0 0
"chr9_80561546_G_A" 0 0 0 0 7
"chr9_80591123_G_A" 0 0 12 0 0
"chr9_80807745_G_C" 0 8 0 0 0
"chr9_81786144_C_T" 0 0 0 13 0
"chr9_84476331_C_A" 0 0 0 0 4
"chr9_85012091_C_T" 0 0 0 0 4
"chr9_85300557_G_A" 0 0 0 6 0
"chr9_88408793_C_A" 0 0 0 4 0
"chr9_89741785_C_G" 0 0 0 5 0
"chr9_9118426_A_G" 0 6 0 0 0
"chr9_9202436_A_G" 0 7 0 0 0
"chr9_94151753_G_A" 0 10 0 0 0
"chr9_9423536_T_C" 0 6 0 0 0
"chr9_94320292_C_T" 0 0 0 0 4
"chr9_95409085_C_T" 0 0 12 8 10
"chr9_98325112_G_T" 0 0 0 4 0
"chr9_99845687_T_C" 0 0 12 0 0
"chrX_101643969_C_A" 0 0 5 0 0
"chrX_102763079_A_T" 0 0 12 0 0
"chrX_103245874_G_A" 0 0 6 0 0
"chrX_105810282_G_A" 0 7 0 0 0
"chrX_106694501_T_C" 0 7 0 0 0
"chrX_10700102_G_A" 0 0 0 0 10
"chrX_107033791_G_A" 0 6 0 0 0
"chrX_108979431_T_C" 0 8 0 0 0
"chrX_110678077_C_T" 0 0 0 8 0
"chrX_110792138_G_A" 0 5 0 0 0
"chrX_111246526_C_T" 0 0 6 0 0
"chrX_111477128_G_T" 0 0 5 0 0
"chrX_111642516_C_T" 1 0 0 0 6
"chrX_111667913_C_T" 0 4 0 0 0
"chrX_112515629_C_A" 0 0 0 8 0
"chrX_115185061_T_C" 0 0 0 8 0
"chrX_116161898_G_A" 0 5 0 0 0
"chrX_116686814_T_C" 0 0 5 0 0
"chrX_118045768_C_A" 0 0 0 0 5
"chrX_118117072_C_T" 0 0 6 0 0
"chrX_118219731_G_A" 0 0 0 6 0
"chrX_118433742_T_C" 0 0 0 0 5
"chrX_119242049_A_G" 0 6 0 0 0
"chrX_119324139_A_T" 0 0 5 0 0
"chrX_120575799_G_A" 0 0 0 5 0
"chrX_120662093_G_A" 0 0 4 0 0
"chrX_121202675_T_C" 0 0 0 8 0
"chrX_12138233_C_T" 0 0 0 0 5
"chrX_121694678_G_A" 0 0 5 0 0
"chrX_122794469_G_T" 0 0 0 8 0
"chrX_123389303_C_T" 1 0 0 5 0
"chrX_123968351_G_T" 0 4 0 0 0
"chrX_124467286_T_G" 0 6 0 0 0
"chrX_124671490_G_A" 0 5 0 0 0
"chrX_125125692_T_A" 0 0 6 0 0
"chrX_125171155_A_G" 0 0 0 6 0
"chrX_125428804_T_C" 0 0 0 0 11
"chrX_125449411_G_T" 0 0 0 0 5
"chrX_125840867_A_G" 0 0 9 0 0
"chrX_127487632_T_G" 0 0 0 6 0
"chrX_128116321_A_G" 0 0 8 0 0
"chrX_129277473_T_C" 0 0 0 0 4
"chrX_129654221_G_T" 0 4 0 0 0
"chrX_131384170_C_T" 0 0 5 0 0
"chrX_131590623_G_A" 0 0 4 0 0
"chrX_133340297_C_A" 0 0 0 0 6
"chrX_133765333_A_G" 0 4 0 0 0
"chrX_134483594_C_G" 0 9 0 0 0
"chrX_134508681_G_A" 0 0 0 0 4
"chrX_134782185_A_G" 0 0 0 7 0
"chrX_135308065_C_T" 0 0 0 15 0
"chrX_135696549_T_A" 0 4 0 0 0
"chrX_136363151_A_T" 0 10 0 0 0
"chrX_137284908_A_G" 0 0 0 10 0
"chrX_137888182_G_A" 0 4 0 0 0
"chrX_138070323_G_A" 0 0 5 0 0
"chrX_138344826_A_T" 0 0 0 0 4
"chrX_138384126_A_G" 0 0 0 0 6
"chrX_140550861_T_C" 0 0 0 5 0
"chrX_141980007_G_T" 4 0 0 0 0
"chrX_142147952_G_A" 0 9 0 0 0
"chrX_142605373_A_T" 0 0 0 0 5
"chrX_143600883_G_T" 0 4 0 0 0
"chrX_143641237_T_C" 0 0 0 4 0
"chrX_144312692_C_T" 0 6 0 0 0
"chrX_14445828_A_T" 0 4 0 0 0
"chrX_144581942_G_A" 0 0 9 0 0
"chrX_145499627_C_T" 0 0 0 0 9
"chrX_146108263_G_A" 0 0 0 0 4
"chrX_146150192_C_G" 0 0 0 1 4
"chrX_146668532_G_A" 0 0 7 0 0
"chrX_146965366_G_A" 0 5 0 0 0
"chrX_147177713_G_A" 0 15 0 0 0
"chrX_147215235_C_T" 0 0 0 0 4
"chrX_147339086_C_T" 1 0 0 0 5
"chrX_148298009_C_A" 0 0 5 0 0
"chrX_149335960_A_C" 0 0 4 0 0
"chrX_150054965_G_T" 0 0 0 9 0
"chrX_150529138_C_G" 0 0 8 0 0
"chrX_151925525_C_T" 0 0 0 0 5
"chrX_152345625_C_T" 0 0 0 0 7
"chrX_1529035_T_C" 0 8 0 0 0
"chrX_153551741_T_G" 0 6 0 0 0
"chrX_1551534_C_A" 0 0 6 0 0
"chrX_155632998_A_T" 0 0 0 0 4
"chrX_17785358_T_C" 0 0 4 0 0
"chrX_17927035_C_A" 0 9 0 0 0
"chrX_19160510_G_A" 1 0 7 0 0
"chrX_19160511_C_T" 0 0 6 0 0
"chrX_20535493_G_A" 0 0 0 0 5
"chrX_21011151_C_T" 0 0 0 0 5
"chrX_21368571_G_T" 0 0 0 5 0
"chrX_21372053_T_A" 0 0 0 4 0
"chrX_22288975_C_A" 0 6 0 0 0
"chrX_23421926_G_T" 0 0 0 8 0
"chrX_25090864_T_C" 0 6 0 0 0
"chrX_26222243_G_A" 0 9 0 1 0
"chrX_27281747_C_T" 0 0 0 0 4
"chrX_28588610_G_A" 0 0 0 16 0
"chrX_28676981_T_C" 0 0 5 0 0
"chrX_29150936_A_G" 5 0 0 0 0
"chrX_29765688_C_A" 0 0 0 6 0
"chrX_29791176_G_A" 0 0 0 9 0
"chrX_30386787_G_A" 0 0 0 6 0
"chrX_32358087_A_G" 0 0 9 1 0
"chrX_32686290_G_T" 0 0 0 5 0
"chrX_32696589_C_T" 0 0 0 0 6
"chrX_33345358_T_C" 0 5 0 0 0
"chrX_33406568_G_A" 0 0 5 0 0
"chrX_33874189_C_G" 0 6 0 0 0
"chrX_33877060_C_A" 0 0 0 7 0
"chrX_34183307_G_A" 0 7 0 0 0
"chrX_34439187_G_A" 0 5 0 0 0
"chrX_37656764_A_T" 0 0 6 0 0
"chrX_38490553_G_C" 0 0 0 8 0
"chrX_385111_C_A" 0 0 5 0 0
"chrX_40078677_G_T" 0 5 0 0 0
"chrX_40394465_G_A" 0 6 0 0 0
"chrX_42001818_G_A" 0 0 0 11 0
"chrX_47508321_C_T" 0 0 0 4 0
"chrX_48233909_T_G" 0 4 0 0 0
"chrX_48610877_G_A" 0 0 0 4 0
"chrX_48979672_C_G" 0 0 0 4 0
"chrX_51323289_A_G" 0 0 0 10 0
"chrX_51915335_A_G" 0 0 0 4 0
"chrX_56872231_T_G" 0 0 0 8 0
"chrX_57324524_G_T" 0 0 9 0 0
"chrX_63528209_A_G" 0 0 4 0 0
"chrX_64309224_C_A" 0 0 0 0 4
"chrX_64468650_A_T" 0 0 0 0 5
"chrX_6455599_T_A" 0 0 0 5 0
"chrX_65563139_G_A" 0 0 0 5 0
"chrX_65669529_A_G" 0 20 0 0 0
"chrX_68949414_C_G" 0 0 0 0 4
"chrX_70083081_A_G" 0 0 6 0 0
"chrX_70155271_C_T" 0 0 0 0 7
"chrX_73032253_C_T" 0 0 7 0 0
"chrX_7506321_G_A" 0 8 0 0 0
"chrX_76756135_C_A" 0 0 0 0 7
"chrX_78542667_C_T" 0 7 0 0 0
"chrX_78826190_G_C" 0 0 0 9 0
"chrX_78877467_C_T" 0 0 0 9 0
"chrX_79103713_T_G" 4 0 0 0 0
"chrX_79234162_T_C" 0 0 0 0 8
"chrX_81263756_A_T" 0 4 0 0 0
"chrX_8156617_C_T" 0 0 0 0 6
"chrX_81854466_A_G" 0 0 10 0 0
"chrX_82125541_A_G" 0 0 0 13 0
"chrX_82727865_T_C" 0 0 0 5 0
"chrX_82781791_C_G" 0 0 0 9 0
"chrX_82901557_C_A" 0 0 0 12 0
"chrX_83162367_C_A" 0 0 0 0 6
"chrX_84001566_T_C" 0 0 8 0 0
"chrX_84038494_T_C" 0 1 8 0 0
"chrX_84706889_G_T" 0 0 0 5 0
"chrX_85582508_T_C" 0 4 0 0 0
"chrX_86591447_A_T" 0 0 0 0 5
"chrX_86875258_T_A" 0 8 0 0 0
"chrX_86875277_A_T" 0 7 0 0 0
"chrX_87276496_A_G" 0 5 0 0 0
"chrX_8845387_G_A" 0 7 0 0 0
"chrX_88856181_G_A" 0 0 0 0 5
"chrX_89009694_T_A" 0 8 0 0 0
"chrX_89016966_G_A" 0 0 0 0 4
"chrX_89366072_G_T" 0 8 0 0 0
"chrX_89499014_G_A" 0 0 4 0 0
"chrX_90450803_C_A" 0 0 0 6 0
"chrX_90773755_G_T" 1 6 0 1 0
"chrX_91722816_A_G" 0 4 0 0 0
"chrX_92432009_C_T" 0 0 0 7 0
"chrX_93235599_C_T" 0 0 0 0 5
"chrX_94100567_G_T" 0 0 4 0 0
"chrX_94342642_G_A" 0 0 4 0 0
"chrX_94397124_G_A" 0 5 0 0 0
"chrX_95628679_C_T" 0 0 0 0 8
"chrX_95684947_C_A" 0 5 0 0 0
"chrX_96915098_T_G" 0 0 0 0 9
"chrX_99065759_G_T" 0 0 0 8 0
"chrX_99430509_C_T" 0 0 0 0 4
"chrX_99526578_G_A" 0 0 0 0 4
