"PD45518d_lo0002" "PD45518d_lo0025" "PD45518d_lo0037" "PD45518d_lo0038" "PD45518d_lo0042"
"chr1_187174300_AC_A" 2 0 3 32 0
"chr1_205538916_C_CT" 5 0 0 0 0
"chr1_213405443_G_GA" 5 0 0 0 0
"chr1_50497888_A_AT" 8 0 0 0 0
"chr10_28884180_TC_T" 1 20 0 0 0
"chr10_28884903_GTC_G" 6 0 0 0 0
"chr10_56194411_A_AT" 0 0 33 0 0
"chr10_59652624_TA_T" 7 0 0 0 0
"chr10_65257611_C_CA" 5 0 0 0 0
"chr11_116625036_A_AT" 0 5 0 0 0
"chr11_130498721_T_TG" 24 13 0 15 4
"chr11_42606917_C_CA" 0 0 26 2 0
"chr11_62635792_AT_A" 0 7 0 0 0
"chr11_71328230_A_AT" 4 0 0 0 0
"chr11_82690257_AC_A" 0 5 0 0 0
"chr12_28857821_AGAACTGGAGGG_A" 0 0 6 31 13
"chr12_75780300_AG_A" 0 7 0 0 0
"chr12_78578852_G_GA" 0 0 1 9 0
"chr12_99280192_A_ATG" 10 0 0 8 3
"chr13_37019827_A_AT" 0 5 0 0 0
"chr13_44975146_AGACCTTCGGATGTT_A" 0 11 0 0 0
"chr13_46569160_TTTAGTGA_T" 13 0 8 4 0
"chr14_64056982_CT_C" 6 0 0 0 0
"chr14_67623534_CTTTTT_C" 9 4 1 6 3
"chr14_99337608_TAAG_T" 0 0 0 18 0
"chr15_38451796_C_CT" 5 0 0 0 0
"chr15_49120327_AAAAAC_A" 0 0 0 0 29
"chr15_54530581_AT_A" 0 5 0 0 0
"chr15_75961104_G_GTATCTATGATAGAATACAGTGTGAGTTTCATAAATAT" 0 23 0 0 0
"chr15_77362820_G_GA" 0 15 0 0 3
"chr16_46919268_A_ACCCTCCTGCCGG" 0 0 2 19 5
"chr16_6481645_CCATTTT_C" 0 0 0 30 0
"chr16_70803160_A_AT" 2 0 18 2 1
"chr16_84122217_G_GA" 4 0 0 0 0
"chr17_44307181_G_GA" 6 0 0 0 6
"chr17_52155492_CTG_C" 0 0 0 28 0
"chr17_82704312_CG_C" 0 4 0 0 0
"chr18_11031426_G_GA" 5 0 0 0 0
"chr18_26463415_C_CA" 6 0 0 0 0
"chr18_27824797_GA_G" 0 0 0 0 26
"chr18_61722024_T_TA" 1 0 0 0 9
"chr18_65377727_GT_G" 0 14 0 0 0
"chr19_13392210_C_CA" 1 1 0 0 22
"chr19_3819852_C_CAAAAGAAAAAAAAA" 8 1 0 7 0
"chr19_44200567_A_AAT" 1 0 16 0 0
"chr2_102635798_CAT_C" 0 22 0 0 0
"chr2_114924779_C_CA" 0 0 1 1 16
"chr2_161847249_G_GT" 4 0 0 0 0
"chr2_188735470_AT_A" 0 0 15 0 0
"chr2_199593314_CT_C" 0 0 0 23 0
"chr2_221984534_TACTACATCAGA_T" 0 0 14 0 0
"chr2_231558979_G_GA" 0 7 0 0 0
"chr2_237615846_ACC_A" 0 0 0 4 0
"chr2_239943339_C_CT" 4 0 0 0 0
"chr2_40970561_CT_C" 0 0 0 0 19
"chr2_43190043_G_GC" 0 0 0 0 31
"chr2_4663264_GT_G" 0 0 0 19 0
"chr2_69873825_TGG_T" 0 0 0 5 0
"chr2_73339135_T_TA" 4 5 0 0 0
"chr20_11037676_AAG_A" 5 0 0 0 0
"chr20_49110270_GA_G" 0 0 12 0 0
"chr21_22544587_CA_C" 0 0 0 0 11
"chr21_22999430_T_TTA" 0 0 33 0 0
"chr22_17771108_C_CT" 5 0 0 0 0
"chr22_31935859_G_GCCACTGTA" 0 0 7 0 0
"chr22_34526519_TG_T" 0 0 0 6 0
"chr3_143333441_TTTG_T" 0 5 0 0 0
"chr3_185742496_G_GA" 11 0 0 0 1
"chr3_38087277_CACACCATCCATCAGCACTG_C" 17 3 5 3 9
"chr3_47978375_T_TGGTGCAACCTCGGCTC" 0 16 0 0 0
"chr3_60947274_T_TA" 0 3 2 25 0
"chr3_854000_GGA_G" 5 0 0 0 0
"chr3_99906087_C_CGGGGGCTGAGGTGGGA" 0 0 4 17 6
"chr4_100089644_G_GT" 0 0 0 23 0
"chr4_102759695_AT_A" 0 0 0 0 4
"chr4_12970333_AAT_A" 0 0 0 17 0
"chr4_135587777_ATT_A" 0 0 0 20 0
"chr4_171968148_AT_A" 6 0 0 0 0
"chr4_30129186_TCTCCCTCCCTC_T" 0 0 0 25 0
"chr4_68079099_TA_T" 0 0 0 7 0
"chr4_85751187_G_GT" 0 24 0 0 0
"chr4_86709070_TAC_T" 10 2 0 0 0
"chr5_10521112_C_CA" 6 0 1 0 0
"chr5_117771871_CAAAG_C" 0 0 0 19 0
"chr5_122378384_GTTGT_G" 7 14 13 2 0
"chr5_156799559_G_GT" 1 2 18 0 0
"chr5_166755124_CTTTTTTTT_C" 6 0 1 4 0
"chr5_181142136_AAAGGGGAGCTTT_A" 0 0 0 0 21
"chr5_27291650_AAG_A" 7 0 0 0 0
"chr5_35193416_TG_T" 0 12 0 0 0
"chr5_36412952_G_GA" 2 0 0 7 0
"chr5_671367_CCTT_C" 0 17 0 0 0
"chr6_134566516_C_CT" 0 0 0 0 11
"chr6_139948408_AATC_A" 0 0 0 7 0
"chr6_162354918_G_GT" 2 2 1 29 0
"chr6_37619183_GC_G" 0 8 0 0 0
"chr6_45830274_CATTT_C" 0 0 0 15 0
"chr6_6156168_T_TA" 0 13 0 0 0
"chr6_62257532_CAT_C" 0 9 0 0 0
"chr7_107622941_AT_A" 5 0 0 0 0
"chr7_20055245_TC_T" 0 0 0 0 5
"chr7_46283405_GGT_G" 7 0 0 0 1
"chr7_57946410_A_AT" 0 0 0 0 19
"chr7_9990989_T_TA" 0 1 0 25 1
"chr8_108630161_CA_C" 6 0 0 0 0
"chr8_12573641_A_AT" 0 0 0 0 27
"chr9_129819942_AT_A" 0 7 0 7 2
"chr9_131639737_AC_A" 0 11 2 0 0
"chr9_84146200_AT_A" 1 1 0 0 18
"chrX_105044414_T_TA" 6 0 0 0 0
"chrX_122002172_G_GT" 6 0 0 0 0
"chrX_132508290_AAAT_A" 0 14 0 0 0
"chrX_134780421_CA_C" 0 0 0 5 0
"chrX_14662377_A_AT" 0 0 0 20 0
"chrX_154043408_T_TA" 4 0 0 0 0
"chrX_26530699_A_AAT" 0 1 15 8 0
"chrX_26747902_TA_T" 0 2 0 23 4
"chrX_3099651_CACTGTA_C" 1 13 0 1 0
"chrX_34518144_A_AT" 1 3 31 1 2
"chrX_48439317_T_TA" 9 3 0 0 0
"chrX_74771821_C_CTG" 1 2 0 1 17
"chrX_91444362_C_CT" 0 0 27 0 0
