"PD45518d_lo0002" "PD45518d_lo0025" "PD45518d_lo0037" "PD45518d_lo0038" "PD45518d_lo0042"
"chr1_100242428_A_C" 33 24 16 13 14
"chr1_101073829_T_A" 57 31 23 19 16
"chr1_106091012_A_G" 44 27 9 16 8
"chr1_106163332_C_T" 33 26 18 18 11
"chr1_107320984_G_A" 47 31 22 16 11
"chr1_113262661_C_T" 61 28 14 14 13
"chr1_114952650_C_T" 59 35 13 16 12
"chr1_115253576_G_T" 63 35 20 13 19
"chr1_115283377_G_A" 40 29 13 15 7
"chr1_115877884_T_A" 55 24 12 12 12
"chr1_116079835_G_A" 41 25 16 26 9
"chr1_116808018_G_A" 58 24 18 13 12
"chr1_118513593_G_T" 55 32 12 19 17
"chr1_1196864_A_G" 53 19 16 14 13
"chr1_13962110_C_G" 53 35 14 7 8
"chr1_150776266_G_A" 50 21 12 14 15
"chr1_152116104_C_T" 45 26 11 13 18
"chr1_154272186_T_C" 35 18 8 19 11
"chr1_154509948_G_T" 41 28 16 20 14
"chr1_154918723_C_T" 45 14 15 17 15
"chr1_156540513_T_C" 58 33 16 13 16
"chr1_157448816_T_C" 61 28 18 19 17
"chr1_157494742_G_A" 51 29 13 13 13
"chr1_157759905_A_C" 55 39 17 18 11
"chr1_159111333_T_C" 49 28 15 12 12
"chr1_161961241_C_A" 61 26 16 11 12
"chr1_162434999_G_A" 62 21 18 19 12
"chr1_162949026_T_C" 60 21 11 10 9
"chr1_165088746_C_A" 59 23 17 17 13
"chr1_166041558_C_A" 64 18 16 14 9
"chr1_167770267_G_T" 53 20 17 13 14
"chr1_17100528_G_A" 38 25 12 16 21
"chr1_17124384_G_A" 49 27 16 14 14
"chr1_175321588_G_A" 53 38 14 30 11
"chr1_177100810_C_T" 52 23 15 18 9
"chr1_17752319_C_T" 60 25 13 17 14
"chr1_177668461_C_T" 58 24 17 15 9
"chr1_179385040_A_C" 49 27 13 16 17
"chr1_185756868_C_G" 43 22 21 16 11
"chr1_186123780_G_A" 42 21 13 18 17
"chr1_186708240_A_T" 55 27 18 13 14
"chr1_187244393_G_T" 40 17 13 22 19
"chr1_187755534_A_G" 44 32 11 15 12
"chr1_188047467_T_G" 45 26 18 14 8
"chr1_189076892_T_A" 25 28 24 23 10
"chr1_189960659_C_T" 52 26 12 11 7
"chr1_189976781_C_A" 41 27 22 22 11
"chr1_190657220_T_G" 47 32 11 24 15
"chr1_196217496_C_T" 43 26 15 24 13
"chr1_198754192_C_G" 41 32 17 17 18
"chr1_199876445_C_G" 41 28 11 13 7
"chr1_20160931_G_A" 50 18 14 11 22
"chr1_20240373_G_T" 58 23 16 20 18
"chr1_20329926_C_T" 51 26 14 13 21
"chr1_205548402_C_G" 32 12 9 7 4
"chr1_205877457_G_T" 54 37 13 20 14
"chr1_207430922_G_A" 39 30 18 16 14
"chr1_207899558_G_A" 55 22 16 12 12
"chr1_210379428_G_A" 44 29 9 11 17
"chr1_2118244_G_T" 41 16 21 21 11
"chr1_212818159_C_G" 42 30 20 12 14
"chr1_214134387_T_C" 41 30 16 13 13
"chr1_214675653_A_G" 41 27 16 18 20
"chr1_215282074_G_A" 57 27 23 24 22
"chr1_216973999_C_G" 30 23 12 13 16
"chr1_218412679_G_A" 54 22 15 15 17
"chr1_219696507_C_A" 52 30 15 12 17
"chr1_219718888_C_T" 44 18 19 13 17
"chr1_219962755_G_A" 38 22 21 18 7
"chr1_223365839_C_T" 48 25 17 23 20
"chr1_223469579_C_T" 58 34 13 15 9
"chr1_22472633_T_C" 66 32 12 18 11
"chr1_224786279_C_T" 52 29 16 13 12
"chr1_22549011_C_T" 38 33 19 23 12
"chr1_226418745_C_T" 57 33 17 18 11
"chr1_229531958_T_G" 35 19 16 15 14
"chr1_232889362_T_C" 35 24 11 7 9
"chr1_233185349_C_A" 56 30 15 18 14
"chr1_234539949_G_A" 54 24 13 13 16
"chr1_237036332_C_T" 46 20 6 10 15
"chr1_237189299_G_A" 56 26 11 17 9
"chr1_241792318_C_T" 47 25 7 10 15
"chr1_242204446_G_A" 49 29 15 23 14
"chr1_243527085_C_T" 52 26 16 10 13
"chr1_247383601_T_A" 54 23 15 10 5
"chr1_25944620_C_T" 43 20 13 22 19
"chr1_26355992_C_A" 54 20 13 10 14
"chr1_26519784_C_G" 62 26 11 16 14
"chr1_26949299_G_C" 62 22 15 10 15
"chr1_27241215_G_A" 34 25 16 16 15
"chr1_27587117_C_A" 56 23 9 15 12
"chr1_28148578_C_T" 49 31 14 19 17
"chr1_33647223_C_G" 46 30 13 16 12
"chr1_35278031_G_T" 42 18 18 11 8
"chr1_35696788_A_G" 42 25 10 14 16
"chr1_36738555_G_T" 57 29 14 16 16
"chr1_37674251_C_A" 52 28 11 15 9
"chr1_38664836_C_T" 71 28 17 17 14
"chr1_41311504_G_C" 54 28 19 21 12
"chr1_41344060_G_A" 49 15 12 11 6
"chr1_42014402_G_A" 38 36 13 16 15
"chr1_42711197_G_T" 59 21 11 16 16
"chr1_42912128_G_A" 56 38 20 12 17
"chr1_43353296_G_A" 65 21 8 15 7
"chr1_44224753_T_G" 55 25 15 20 9
"chr1_47032776_A_G" 47 29 15 14 8
"chr1_47240760_C_A" 48 27 20 17 18
"chr1_47772521_G_A" 42 25 13 12 12
"chr1_53295749_T_C" 63 20 17 13 7
"chr1_54299634_A_G" 41 19 7 8 14
"chr1_55881103_G_A" 41 34 20 17 13
"chr1_56246723_C_T" 49 28 10 22 17
"chr1_58225043_A_T" 43 35 14 21 19
"chr1_62268269_T_C" 41 20 19 9 9
"chr1_63569183_G_A" 55 29 18 16 13
"chr1_65792299_C_A" 41 26 22 12 11
"chr1_68126003_A_G" 42 25 13 11 17
"chr1_6975589_C_T" 41 22 13 14 18
"chr1_73013455_G_A" 49 33 5 10 15
"chr1_75836054_C_T" 40 21 14 11 9
"chr1_76135981_C_T" 56 18 12 13 10
"chr1_78745009_G_T" 49 32 16 18 18
"chr1_79907074_C_T" 72 28 14 13 14
"chr1_81088218_C_T" 29 21 13 15 16
"chr1_81579995_T_A" 48 34 17 15 20
"chr1_82273957_T_A" 44 23 13 13 12
"chr1_82753945_G_A" 44 24 18 20 16
"chr1_83748070_G_A" 47 32 12 23 15
"chr1_85059523_T_G" 39 26 16 14 14
"chr1_86043880_T_C" 49 26 21 22 19
"chr1_87918992_C_T" 50 17 12 14 19
"chr1_88573442_T_A" 44 37 14 17 21
"chr1_8894237_C_A" 48 18 17 14 10
"chr1_91305997_C_T" 55 25 9 17 14
"chr1_93917445_A_G" 47 26 18 12 19
"chr1_96199546_C_A" 45 21 14 20 14
"chr1_96395881_T_A" 53 35 18 16 16
"chr1_96483167_G_A" 42 24 10 15 17
"chr10_100808297_C_T" 41 34 14 14 15
"chr10_101518774_C_A" 46 24 17 21 11
"chr10_103455702_C_T" 70 21 17 18 18
"chr10_104229982_A_C" 47 25 12 18 13
"chr10_105600234_G_T" 49 26 18 17 19
"chr10_106023764_A_C" 40 28 10 13 17
"chr10_10688421_A_T" 51 24 19 15 14
"chr10_106886224_T_C" 51 21 13 10 16
"chr10_114200550_T_A" 56 31 16 18 9
"chr10_115188135_C_T" 33 23 11 8 13
"chr10_115992997_G_A" 56 30 15 15 15
"chr10_118978511_G_T" 65 34 14 15 7
"chr10_120154522_G_A" 49 24 19 13 10
"chr10_122857005_G_C" 48 31 15 18 9
"chr10_123038797_A_C" 40 26 19 6 11
"chr10_125099671_A_G" 42 25 16 12 12
"chr10_129289863_G_C" 61 20 19 13 8
"chr10_130164563_G_A" 54 20 16 14 13
"chr10_131074900_G_A" 49 18 12 22 10
"chr10_131237726_C_T" 63 29 17 12 17
"chr10_131273677_G_T" 42 24 18 12 14
"chr10_132261832_A_T" 50 21 15 18 9
"chr10_132742566_A_T" 59 27 14 11 12
"chr10_133510859_A_T" 51 35 19 13 11
"chr10_14785494_C_T" 67 22 24 11 12
"chr10_17908711_G_A" 48 36 19 17 15
"chr10_19249186_G_A" 18 16 10 9 13
"chr10_20460824_G_A" 46 19 13 10 9
"chr10_20501638_C_T" 54 32 20 20 18
"chr10_206277_T_G" 31 18 18 17 17
"chr10_21774999_G_T" 47 27 23 15 19
"chr10_24146378_C_A" 54 27 11 14 11
"chr10_25637634_G_A" 45 28 15 15 9
"chr10_27362245_G_T" 47 26 14 16 15
"chr10_28057432_G_T" 67 24 24 13 11
"chr10_28634192_G_A" 54 22 18 11 7
"chr10_31073508_C_T" 45 20 20 24 14
"chr10_32531293_T_G" 50 30 13 17 13
"chr10_34134187_G_A" 51 25 22 22 14
"chr10_34169662_C_T" 52 24 12 17 10
"chr10_35576256_A_C" 47 18 20 20 15
"chr10_37371462_G_T" 45 26 26 20 14
"chr10_38248095_C_T" 41 26 18 19 19
"chr10_38415556_G_A" 60 26 19 24 16
"chr10_38513579_G_A" 38 25 18 14 12
"chr10_3852548_C_T" 38 21 15 10 6
"chr10_38750536_A_C" 25 17 16 9 9
"chr10_39471580_C_T" 57 32 15 22 15
"chr10_42716739_C_T" 48 28 13 10 20
"chr10_44897763_T_C" 58 23 12 8 11
"chr10_48794805_C_G" 45 26 11 17 12
"chr10_49751590_G_A" 54 17 16 15 12
"chr10_5099904_C_G" 54 25 14 13 10
"chr10_51515335_C_A" 40 18 17 16 11
"chr10_53445159_G_A" 50 26 17 22 13
"chr10_54814261_T_G" 40 27 13 22 18
"chr10_54880792_T_C" 48 27 7 16 12
"chr10_56106070_C_G" 42 24 16 8 9
"chr10_56609217_T_A" 46 24 14 15 19
"chr10_57158239_G_A" 60 30 15 16 17
"chr10_57700690_A_G" 68 26 25 13 15
"chr10_59536162_C_T" 54 30 12 23 21
"chr10_60696456_G_C" 36 13 11 10 12
"chr10_63672009_T_A" 41 41 14 15 19
"chr10_64078081_C_T" 59 29 11 9 24
"chr10_66131210_C_G" 41 13 21 16 17
"chr10_66147192_G_T" 38 26 17 15 13
"chr10_67482477_G_A" 52 19 7 13 9
"chr10_68285586_G_T" 33 32 15 17 19
"chr10_72835167_T_C" 54 22 12 11 9
"chr10_7324618_G_T" 54 25 7 20 22
"chr10_74837771_G_T" 59 23 16 16 13
"chr10_7597459_G_T" 50 26 13 16 9
"chr10_77036891_A_G" 47 36 18 9 22
"chr10_77461476_G_T" 60 20 17 17 22
"chr10_77753849_C_T" 32 28 8 14 18
"chr10_7826688_G_A" 41 24 13 19 10
"chr10_78987691_C_T" 45 27 13 6 10
"chr10_80890408_T_A" 49 27 20 17 15
"chr10_82050973_C_T" 48 26 10 14 20
"chr10_82242920_G_A" 47 28 16 14 13
"chr10_82262797_C_T" 54 29 14 11 10
"chr10_84131692_G_A" 55 26 16 15 15
"chr10_85338486_C_T" 70 23 18 19 15
"chr10_8771646_C_T" 46 25 18 15 14
"chr10_88979265_A_C" 34 20 8 14 13
"chr10_9146937_G_C" 51 22 12 14 17
"chr10_93881358_A_G" 54 16 9 18 14
"chr10_95997284_C_A" 47 27 22 18 16
"chr10_96176297_G_C" 41 27 16 15 14
"chr10_98102356_C_T" 50 28 21 11 10
"chr11_100980375_C_A" 50 26 16 19 8
"chr11_101302134_C_T" 50 35 12 17 10
"chr11_103353204_A_G" 52 20 20 8 10
"chr11_103568760_G_C" 66 26 23 13 11
"chr11_104288152_C_T" 53 25 15 8 10
"chr11_10503331_A_G" 48 25 13 13 12
"chr11_105691712_G_A" 40 25 17 12 17
"chr11_109416169_C_A" 63 27 14 20 12
"chr11_112544406_T_C" 52 27 13 14 6
"chr11_114663039_G_T" 68 33 17 7 13
"chr11_11551993_C_T" 53 26 20 10 13
"chr11_116139499_C_T" 65 27 18 20 17
"chr11_116558438_G_T" 62 19 14 14 5
"chr11_118142420_G_A" 40 28 11 17 8
"chr11_118745365_G_T" 51 32 15 16 6
"chr11_119707687_T_A" 40 22 14 11 10
"chr11_120707805_T_C" 42 34 12 11 9
"chr11_121330918_T_C" 63 22 12 14 16
"chr11_125162237_G_A" 58 25 22 16 12
"chr11_127144552_G_A" 52 19 15 10 16
"chr11_127414238_G_A" 48 24 12 21 16
"chr11_130104354_G_A" 41 30 15 15 7
"chr11_131126369_C_T" 48 34 17 11 10
"chr11_131828441_C_T" 52 27 17 24 15
"chr11_1329150_C_A" 54 34 11 7 11
"chr11_13724812_T_A" 47 30 13 18 8
"chr11_15331983_C_T" 41 20 17 13 12
"chr11_15391834_C_A" 43 23 17 21 10
"chr11_16487434_T_G" 39 27 19 16 12
"chr11_18308627_T_C" 53 25 15 13 17
"chr11_19192866_G_C" 51 22 14 12 14
"chr11_19611277_C_T" 56 25 14 20 19
"chr11_20219493_G_A" 47 26 16 14 9
"chr11_20640295_G_A" 51 31 19 15 19
"chr11_20795923_G_A" 47 23 16 21 8
"chr11_20854709_A_G" 27 10 11 4 5
"chr11_20970026_G_A" 54 22 20 8 13
"chr11_20982327_G_T" 53 32 24 9 12
"chr11_21116719_G_A" 39 25 12 18 15
"chr11_21984166_C_T" 51 31 11 10 16
"chr11_22869399_A_C" 43 22 16 11 14
"chr11_26031894_C_T" 45 25 12 18 16
"chr11_27891422_G_T" 48 33 19 16 14
"chr11_28683628_C_T" 54 24 16 18 12
"chr11_29844469_C_A" 47 27 12 13 21
"chr11_30682408_T_C" 56 18 24 14 15
"chr11_31148329_G_A" 29 19 9 17 7
"chr11_32279684_C_A" 55 30 12 11 13
"chr11_34651935_A_G" 48 19 19 17 5
"chr11_34668843_A_T" 43 15 22 16 7
"chr11_36941752_A_T" 58 30 12 13 17
"chr11_37431223_G_A" 45 18 11 12 10
"chr11_39151974_C_A" 27 12 8 8 5
"chr11_39322420_C_T" 45 29 15 13 11
"chr11_39397568_A_C" 43 28 16 17 12
"chr11_39414955_C_T" 54 34 14 11 8
"chr11_39855206_G_A" 34 34 20 16 10
"chr11_40353700_C_T" 49 21 16 12 14
"chr11_40698355_C_T" 38 25 14 10 20
"chr11_40796937_C_T" 45 21 16 15 28
"chr11_41110959_T_A" 47 26 20 15 15
"chr11_41227678_C_G" 52 20 10 14 15
"chr11_42118410_C_G" 54 25 13 17 15
"chr11_43361562_A_T" 49 26 18 16 14
"chr11_43956188_C_G" 46 28 19 12 14
"chr11_45991958_G_A" 49 26 18 12 15
"chr11_4765941_C_T" 46 28 14 19 14
"chr11_48240965_G_A" 43 21 17 12 12
"chr11_48614770_G_T" 55 24 16 14 12
"chr11_49031843_C_T" 39 28 13 13 15
"chr11_49186347_A_T" 42 31 10 10 25
"chr11_49271169_C_T" 37 28 11 14 13
"chr11_5307318_A_G" 44 26 16 17 12
"chr11_5619555_G_A" 32 17 19 7 7
"chr11_56656341_A_G" 52 30 17 17 13
"chr11_56656342_T_A" 48 26 16 16 15
"chr11_58096774_G_A" 51 33 15 13 10
"chr11_58548895_T_C" 55 30 18 18 8
"chr11_62297592_G_A" 38 29 11 10 17
"chr11_62400422_T_C" 47 23 8 20 9
"chr11_62653721_G_T" 24 11 6 8 14
"chr11_62679550_T_G" 38 35 16 13 11
"chr11_63150173_C_A" 53 26 11 18 14
"chr11_67021687_G_A" 37 30 14 15 19
"chr11_67208256_A_T" 16 25 12 12 14
"chr11_67815813_G_A" 46 24 8 18 6
"chr11_6842618_C_A" 48 35 13 13 15
"chr11_6943635_A_G" 58 28 18 15 12
"chr11_70414749_T_A" 35 23 14 16 2
"chr11_71173275_T_C" 60 27 18 15 9
"chr11_71410533_A_T" 33 24 9 19 11
"chr11_71843255_G_A" 57 35 16 6 16
"chr11_72373345_G_A" 61 27 20 19 17
"chr11_74473412_C_T" 47 25 12 8 2
"chr11_76247406_C_T" 59 29 10 16 14
"chr11_76874954_C_T" 45 19 17 12 14
"chr11_78605569_G_A" 43 18 15 21 17
"chr11_79561043_C_T" 38 18 16 21 19
"chr11_8076028_G_A" 57 28 12 14 8
"chr11_82167104_C_A" 66 31 15 19 11
"chr11_82640309_A_G" 47 24 13 15 13
"chr11_87624180_C_T" 46 22 13 13 15
"chr11_88260512_C_T" 58 33 18 19 19
"chr11_88476810_A_T" 56 24 21 15 10
"chr11_88603261_C_A" 44 28 18 14 10
"chr11_88984236_C_T" 38 18 18 16 16
"chr11_89039567_C_T" 47 29 17 11 7
"chr11_92004433_A_G" 55 23 13 13 12
"chr11_92295688_C_G" 46 13 14 23 11
"chr11_97180952_G_C" 38 27 19 9 10
"chr11_97290695_G_A" 43 20 13 14 15
"chr11_97604938_G_T" 62 23 16 15 16
"chr11_98865721_C_T" 56 27 16 11 12
"chr12_100614060_T_G" 49 27 16 13 13
"chr12_104776574_C_T" 52 29 15 14 17
"chr12_105673858_C_T" 48 21 14 17 12
"chr12_106714816_T_C" 59 29 19 16 13
"chr12_107579812_G_T" 53 16 16 13 13
"chr12_108549159_C_T" 54 26 22 14 10
"chr12_108586281_G_A" 54 32 12 11 20
"chr12_109816607_G_A" 58 22 12 13 16
"chr12_111109225_G_A" 55 30 17 19 13
"chr12_112100776_C_T" 57 19 20 11 18
"chr12_113307200_C_A" 30 20 11 16 8
"chr12_11336600_G_T" 58 28 16 11 12
"chr12_116165050_G_T" 51 27 17 17 20
"chr12_116309921_T_A" 51 26 17 18 22
"chr12_119198055_C_T" 53 19 9 17 14
"chr12_119893534_G_A" 44 28 19 15 6
"chr12_120691606_G_A" 65 31 11 19 15
"chr12_121873951_C_A" 47 28 9 15 9
"chr12_122975548_T_G" 41 23 9 10 7
"chr12_125336669_G_A" 70 22 15 13 14
"chr12_125533197_A_G" 50 31 13 13 16
"chr12_126123479_G_T" 66 28 25 21 19
"chr12_12625118_G_A" 58 33 11 22 13
"chr12_126822993_T_C" 34 29 16 13 15
"chr12_127698993_C_T" 55 22 15 8 18
"chr12_127922999_G_T" 45 20 18 13 10
"chr12_128059835_G_A" 52 20 13 15 14
"chr12_13325671_G_A" 48 24 17 12 15
"chr12_14496353_G_A" 64 20 16 14 11
"chr12_14897697_C_T" 35 28 13 14 16
"chr12_16305863_C_T" 52 13 13 13 18
"chr12_16796508_C_A" 49 27 13 13 13
"chr12_17153756_G_A" 43 30 19 15 12
"chr12_17229466_C_A" 34 19 15 12 17
"chr12_19487213_C_T" 49 32 24 16 10
"chr12_19841591_G_A" 56 24 15 19 15
"chr12_24304468_C_T" 44 20 22 17 12
"chr12_2450785_T_A" 54 30 17 14 21
"chr12_24634798_C_T" 52 34 18 16 11
"chr12_25801908_T_A" 48 19 11 13 10
"chr12_27859724_A_G" 37 8 13 4 10
"chr12_28103125_G_T" 51 28 17 10 15
"chr12_28889340_C_A" 63 22 11 14 15
"chr12_29465453_A_G" 42 25 10 11 18
"chr12_31582421_T_A" 52 24 19 9 16
"chr12_31938924_T_G" 50 29 8 19 17
"chr12_34352002_C_T" 58 22 15 14 10
"chr12_39876187_G_A" 43 28 15 11 23
"chr12_40353767_C_T" 60 28 20 12 12
"chr12_42452630_G_A" 48 18 23 10 14
"chr12_4252841_A_G" 57 17 13 15 9
"chr12_43286245_G_A" 52 26 15 15 12
"chr12_45617938_G_A" 44 25 14 10 14
"chr12_47450725_C_T" 50 31 16 13 8
"chr12_4877304_G_A" 42 24 14 11 8
"chr12_49117553_T_A" 29 34 12 12 12
"chr12_50751559_G_T" 52 25 21 12 12
"chr12_52478275_C_A" 47 26 20 18 20
"chr12_54323204_A_G" 31 26 7 10 12
"chr12_59307873_T_A" 42 29 18 9 14
"chr12_602143_A_T" 50 27 5 11 13
"chr12_60926360_G_C" 53 18 16 16 26
"chr12_60951734_G_A" 44 24 12 13 13
"chr12_61305300_A_G" 33 34 20 15 19
"chr12_61425402_T_G" 42 34 17 13 13
"chr12_61536453_G_A" 48 24 9 26 22
"chr12_62647621_C_T" 53 27 12 14 9
"chr12_62732108_C_A" 67 26 9 10 10
"chr12_63244665_C_A" 53 29 13 12 18
"chr12_65589659_T_C" 42 31 19 14 11
"chr12_66458957_C_T" 63 35 16 28 8
"chr12_67259548_C_T" 33 20 13 13 16
"chr12_69634234_C_T" 53 27 14 10 13
"chr12_73656053_G_C" 56 20 21 7 17
"chr12_74603128_A_C" 40 23 13 15 15
"chr12_76820223_C_A" 52 33 13 14 14
"chr12_76963451_C_T" 54 35 18 18 17
"chr12_78657789_G_A" 40 20 20 8 11
"chr12_79122849_A_T" 44 21 12 7 4
"chr12_79136524_C_T" 36 29 16 12 20
"chr12_80914471_G_C" 38 36 12 10 17
"chr12_81679960_A_G" 39 22 9 16 26
"chr12_81758680_A_T" 45 25 17 15 14
"chr12_82909364_G_C" 48 24 17 23 13
"chr12_82949570_C_G" 51 24 18 19 9
"chr12_84240542_A_G" 45 24 16 21 14
"chr12_8490841_C_T" 38 33 12 22 14
"chr12_85384130_C_T" 57 25 12 13 15
"chr12_86391059_T_C" 51 24 18 21 18
"chr12_86399219_C_T" 55 27 10 8 14
"chr12_86410308_C_T" 50 28 13 12 15
"chr12_86793749_C_T" 41 34 15 14 12
"chr12_87714479_A_G" 44 35 12 12 15
"chr12_99372602_G_A" 54 22 19 21 22
"chr12_99612206_C_T" 62 22 14 12 11
"chr13_100717653_T_C" 55 27 19 13 10
"chr13_100950454_G_A" 42 32 20 15 15
"chr13_107417682_G_A" 55 37 12 9 18
"chr13_111496955_T_G" 30 16 8 8 6
"chr13_112097908_C_T" 57 31 18 16 7
"chr13_112827303_C_T" 65 30 9 16 14
"chr13_113763518_G_A" 46 21 23 22 7
"chr13_18556118_G_C" 42 22 11 11 12
"chr13_19427661_G_A" 53 35 19 15 15
"chr13_20756681_A_G" 47 34 13 16 14
"chr13_21360188_C_T" 60 28 23 20 13
"chr13_22364208_A_G" 58 22 17 11 15
"chr13_22516911_C_T" 56 19 13 12 19
"chr13_22872792_A_G" 55 23 11 18 19
"chr13_22970797_C_T" 45 25 17 21 15
"chr13_23485828_C_T" 41 26 19 18 25
"chr13_28588297_C_T" 41 30 21 15 11
"chr13_28855408_G_A" 47 20 10 10 15
"chr13_29225428_C_A" 48 24 20 19 28
"chr13_30428500_G_T" 49 25 10 12 11
"chr13_32286907_C_A" 62 14 16 15 16
"chr13_35290579_G_T" 30 25 10 12 12
"chr13_36187349_T_C" 50 32 12 14 14
"chr13_37887605_G_A" 52 32 13 17 15
"chr13_38038459_C_A" 49 15 11 13 15
"chr13_40245036_T_C" 64 29 11 16 16
"chr13_42592033_G_A" 54 17 17 17 14
"chr13_43636290_C_T" 60 17 16 13 13
"chr13_43745813_G_C" 43 30 15 7 9
"chr13_44942743_T_C" 40 19 24 13 18
"chr13_46465414_C_T" 28 21 11 15 5
"chr13_47040184_T_C" 39 31 19 21 10
"chr13_47903204_C_T" 52 21 15 19 16
"chr13_47904706_A_T" 53 25 17 18 18
"chr13_52579358_G_A" 35 22 22 21 19
"chr13_55245573_C_T" 43 22 15 10 12
"chr13_55485835_G_A" 58 31 14 12 19
"chr13_55496860_G_A" 59 33 15 14 14
"chr13_55642737_C_T" 33 31 15 18 19
"chr13_56106897_G_C" 41 32 21 16 24
"chr13_56277041_G_T" 44 27 12 16 18
"chr13_58061282_T_A" 34 32 11 7 19
"chr13_58411723_G_C" 41 38 13 23 10
"chr13_60018266_A_T" 55 26 15 16 17
"chr13_62471122_C_A" 47 23 17 20 18
"chr13_63528064_G_A" 51 36 29 11 14
"chr13_64874317_G_A" 47 32 18 13 16
"chr13_65658799_T_A" 48 23 11 18 11
"chr13_66137185_C_T" 57 32 19 13 18
"chr13_66300603_G_A" 40 29 16 18 11
"chr13_66336512_A_G" 47 28 20 12 18
"chr13_66832507_A_G" 36 35 17 18 13
"chr13_67416571_C_T" 49 27 14 16 18
"chr13_67978367_G_A" 44 29 13 21 18
"chr13_68570427_C_T" 44 32 13 10 20
"chr13_69570725_A_G" 41 30 28 13 14
"chr13_69992055_G_A" 52 26 12 19 13
"chr13_73860676_C_T" 47 20 17 15 11
"chr13_74624952_G_A" 42 22 11 13 14
"chr13_75381292_G_A" 47 22 14 12 9
"chr13_76553528_G_A" 54 27 14 13 16
"chr13_77624383_C_T" 57 28 19 31 9
"chr13_80921421_C_T" 45 28 15 19 9
"chr13_81152427_C_A" 39 24 13 9 19
"chr13_82347637_C_T" 33 32 9 15 13
"chr13_82625752_A_G" 50 18 10 23 12
"chr13_82755256_T_G" 44 30 14 13 15
"chr13_82920071_G_T" 67 27 15 17 21
"chr13_83472391_C_T" 64 23 16 18 17
"chr13_83696531_C_T" 41 36 18 19 13
"chr13_83903897_C_A" 33 34 12 16 16
"chr13_84068096_C_T" 62 26 13 13 13
"chr13_84274167_C_G" 31 38 20 12 13
"chr13_84728012_C_T" 40 29 20 20 11
"chr13_84728409_T_A" 55 33 15 16 15
"chr13_85010949_G_A" 40 21 14 17 16
"chr13_88719122_G_A" 52 29 15 19 13
"chr13_90619879_A_T" 32 17 12 9 13
"chr13_92924917_T_A" 50 35 14 11 21
"chr13_94035748_G_T" 47 25 10 16 16
"chr13_94741989_G_T" 30 16 16 15 9
"chr13_97850723_G_A" 61 24 16 13 15
"chr13_99708681_T_G" 54 32 14 16 15
"chr14_100864811_C_T" 48 38 13 13 15
"chr14_101843529_C_T" 47 21 9 13 17
"chr14_19200304_G_A" 37 21 8 7 10
"chr14_24086201_G_A" 50 27 10 14 16
"chr14_25173406_G_A" 25 27 10 17 13
"chr14_26181948_T_A" 51 26 10 19 15
"chr14_26793788_T_C" 50 25 8 12 12
"chr14_27703318_C_T" 50 26 11 22 15
"chr14_27950897_G_T" 52 16 17 21 12
"chr14_28035128_A_G" 40 25 25 22 7
"chr14_28188804_C_T" 46 21 13 13 12
"chr14_28418424_C_T" 55 37 10 5 18
"chr14_29664380_C_T" 42 28 20 12 10
"chr14_29846999_G_C" 47 28 9 22 17
"chr14_30848009_G_A" 29 24 11 21 14
"chr14_31478115_A_G" 44 21 15 14 12
"chr14_32838165_G_A" 39 20 19 17 11
"chr14_34391764_G_A" 58 22 10 18 11
"chr14_37643917_A_G" 45 28 15 20 16
"chr14_38799846_C_T" 45 36 16 15 9
"chr14_39164293_C_A" 49 37 9 17 12
"chr14_39760066_G_A" 43 35 17 15 11
"chr14_40075320_C_A" 50 28 15 22 14
"chr14_40139894_G_A" 44 30 12 11 17
"chr14_41485495_G_A" 41 26 4 15 15
"chr14_41553949_G_A" 48 19 16 17 16
"chr14_42526830_G_A" 48 27 14 15 13
"chr14_43550989_A_T" 29 19 16 16 10
"chr14_44751583_C_A" 55 32 15 20 21
"chr14_44762412_C_T" 66 21 17 12 14
"chr14_47593445_G_A" 62 31 12 15 21
"chr14_47873728_G_C" 40 26 11 20 14
"chr14_48476853_G_A" 33 25 14 24 15
"chr14_49620744_G_T" 48 15 9 11 9
"chr14_51076262_T_C" 53 25 8 14 13
"chr14_51111891_G_C" 40 33 16 22 15
"chr14_51840255_C_T" 54 23 13 17 20
"chr14_57486246_G_A" 64 25 10 17 12
"chr14_57723093_G_A" 56 21 17 17 10
"chr14_63019573_G_A" 41 25 13 22 15
"chr14_64670138_C_A" 64 16 12 15 16
"chr14_67129315_A_G" 43 31 12 11 6
"chr14_69572366_C_G" 58 19 12 12 13
"chr14_71336325_C_T" 38 23 7 13 11
"chr14_71981597_C_T" 39 19 9 17 13
"chr14_72172170_G_A" 43 29 11 19 13
"chr14_74246305_C_T" 49 21 15 12 9
"chr14_74357543_G_A" 61 32 16 19 9
"chr14_74384126_G_A" 34 33 26 15 15
"chr14_75096457_T_A" 59 26 11 14 16
"chr14_78741295_C_T" 41 34 17 15 12
"chr14_81912997_C_T" 62 31 13 15 6
"chr14_84546050_T_C" 53 26 12 19 9
"chr14_85924856_C_A" 47 26 12 12 16
"chr14_86086839_G_A" 49 31 19 14 19
"chr14_86144157_G_T" 39 12 12 6 9
"chr14_91041472_C_A" 57 29 17 15 16
"chr14_94258941_G_A" 50 26 13 10 17
"chr14_95990611_C_T" 50 30 15 13 12
"chr14_96326210_T_C" 36 23 22 14 20
"chr14_97729103_C_T" 33 15 12 18 10
"chr14_98627835_G_A" 59 29 15 22 12
"chr15_20547859_T_C" 40 30 10 11 11
"chr15_20657938_A_T" 125 71 36 47 36
"chr15_22288492_A_T" 37 30 20 14 12
"chr15_23591622_T_A" 59 23 9 9 11
"chr15_26806166_G_A" 42 28 13 20 12
"chr15_27316107_G_A" 52 35 21 14 16
"chr15_27352525_G_A" 61 11 14 8 13
"chr15_27472137_C_T" 40 30 15 12 20
"chr15_28072424_C_A" 45 28 11 12 15
"chr15_30971061_G_A" 37 22 11 16 14
"chr15_31143750_T_C" 38 28 13 20 22
"chr15_33486226_T_C" 55 24 18 17 11
"chr15_34772173_G_A" 57 29 19 19 13
"chr15_36780775_G_T" 48 25 17 10 11
"chr15_41241013_C_A" 45 20 11 18 17
"chr15_41878991_G_A" 46 25 16 14 11
"chr15_43028570_C_G" 61 27 13 13 13
"chr15_43231934_T_A" 58 35 14 12 17
"chr15_45548053_C_T" 50 22 17 13 17
"chr15_45783944_C_A" 42 32 14 15 14
"chr15_50148459_T_A" 46 20 10 12 16
"chr15_50709491_C_T" 45 25 13 15 7
"chr15_51743591_T_C" 58 26 16 9 12
"chr15_52736412_C_T" 40 14 9 6 8
"chr15_54538285_C_A" 44 23 27 11 12
"chr15_55434460_A_C" 36 21 15 19 7
"chr15_55916494_G_A" 56 22 10 17 17
"chr15_57540736_C_T" 45 19 15 17 15
"chr15_60418984_G_C" 58 18 7 7 8
"chr15_65565760_C_T" 40 26 19 16 15
"chr15_67996219_C_T" 47 21 17 10 16
"chr15_68062410_C_G" 50 28 16 13 14
"chr15_71576565_G_A" 46 21 21 12 11
"chr15_75265228_G_A" 17 17 6 5 10
"chr15_75814614_T_A" 53 29 15 20 15
"chr15_76029177_C_A" 46 35 18 15 19
"chr15_79096304_G_A" 40 36 14 18 15
"chr15_79222586_C_T" 51 30 18 21 12
"chr15_81805853_C_T" 50 29 26 11 14
"chr15_85799236_T_C" 34 15 12 16 7
"chr15_87124430_C_T" 34 29 9 17 17
"chr15_87377535_C_T" 45 27 10 18 17
"chr15_87494701_C_T" 45 27 24 16 13
"chr15_87592705_G_A" 53 31 17 13 12
"chr15_90142439_G_C" 43 21 15 19 19
"chr15_92144718_G_A" 56 30 11 19 18
"chr15_92200000_G_A" 57 29 15 13 19
"chr15_94210874_T_A" 42 20 8 12 10
"chr15_95309219_G_A" 27 32 9 12 17
"chr15_95505083_G_A" 49 28 12 17 13
"chr15_95542697_A_G" 44 28 16 13 15
"chr15_96787690_C_T" 54 31 16 16 11
"chr15_99323218_G_T" 50 48 12 8 11
"chr15_99850410_A_G" 44 31 10 15 9
"chr16_10285675_C_T" 59 27 16 19 11
"chr16_13304336_G_A" 65 26 11 20 20
"chr16_13374976_G_A" 44 23 10 21 12
"chr16_17620973_A_C" 51 28 11 14 10
"chr16_17980211_C_T" 46 34 23 13 11
"chr16_18890000_G_C" 52 29 15 15 14
"chr16_20732639_G_A" 49 28 14 16 16
"chr16_22567654_C_T" 63 35 30 16 16
"chr16_2362187_G_T" 45 27 15 22 13
"chr16_25128193_A_T" 60 20 15 11 6
"chr16_25617078_C_T" 54 23 18 11 13
"chr16_26294666_C_T" 57 21 16 19 12
"chr16_26638827_G_A" 61 31 14 21 18
"chr16_26706551_G_A" 53 23 18 11 13
"chr16_26874476_T_C" 52 31 13 17 12
"chr16_27092074_T_C" 50 25 16 17 12
"chr16_27474303_C_T" 60 26 16 10 13
"chr16_28057239_C_T" 41 23 12 14 2
"chr16_32807355_G_A" 45 22 19 17 17
"chr16_33889950_T_C" 38 29 12 2 11
"chr16_34810542_T_G" 39 28 12 17 10
"chr16_35141556_G_A" 60 43 15 20 13
"chr16_35394375_G_A" 67 25 15 15 14
"chr16_35639868_G_T" 68 28 17 15 6
"chr16_46536183_C_T" 58 26 12 17 12
"chr16_46748938_C_T" 58 33 17 14 13
"chr16_49404923_T_A" 73 34 10 18 14
"chr16_49706543_G_A" 62 25 22 10 9
"chr16_50977279_C_T" 51 36 23 26 9
"chr16_51507969_C_A" 43 27 16 12 11
"chr16_51581340_A_T" 42 37 13 22 18
"chr16_51693843_G_A" 55 28 10 24 11
"chr16_52919934_G_A" 49 40 17 23 15
"chr16_53175910_T_C" 58 22 8 12 11
"chr16_5385879_G_A" 40 33 13 18 13
"chr16_56918535_C_A" 65 25 12 11 14
"chr16_58235358_C_T" 45 27 16 13 9
"chr16_60990511_C_T" 50 26 13 17 12
"chr16_61352137_G_T" 47 27 12 11 12
"chr16_61884907_C_G" 51 27 14 20 13
"chr16_62679181_T_C" 54 21 14 16 13
"chr16_63036790_G_A" 63 25 20 17 9
"chr16_63057665_C_T" 44 25 15 10 11
"chr16_63077011_C_T" 54 21 17 16 20
"chr16_63636870_A_G" 35 32 19 19 16
"chr16_63779769_C_T" 43 37 16 14 14
"chr16_64934928_T_A" 41 27 19 14 9
"chr16_65376702_G_A" 54 24 17 17 9
"chr16_6868516_G_A" 52 24 16 13 11
"chr16_70098016_C_G" 44 20 19 8 9
"chr16_7059354_G_A" 45 26 13 13 9
"chr16_70894089_C_T" 31 21 12 13 4
"chr16_7223457_C_T" 55 35 15 19 12
"chr16_7301054_G_T" 47 33 12 19 19
"chr16_75771528_C_T" 36 28 17 15 20
"chr16_76235253_G_A" 50 27 15 15 8
"chr16_76297428_A_T" 35 25 13 14 17
"chr16_76342718_C_T" 35 16 9 16 16
"chr16_76901869_C_T" 45 28 11 16 8
"chr16_78631338_G_A" 54 22 19 21 12
"chr16_79891076_A_C" 39 22 22 21 11
"chr16_8089381_C_G" 66 31 20 13 22
"chr16_82781903_G_A" 70 28 14 8 17
"chr16_82826477_C_T" 45 38 17 14 10
"chr16_83272180_G_A" 42 23 17 18 13
"chr16_8332450_C_T" 51 26 17 15 17
"chr16_84595383_C_T" 52 26 18 15 15
"chr16_85215998_C_T" 50 27 19 13 18
"chr16_85312473_C_T" 49 20 15 10 4
"chr16_86693946_G_C" 53 33 18 17 12
"chr17_1146662_G_T" 58 24 13 19 6
"chr17_12144939_G_C" 49 34 25 17 15
"chr17_14276925_G_C" 54 29 15 12 13
"chr17_14358591_G_A" 43 21 18 20 14
"chr17_14949151_C_T" 56 37 15 4 16
"chr17_18361711_G_T" 45 22 19 16 11
"chr17_20110544_C_T" 63 27 22 10 9
"chr17_22223923_C_T" 66 35 26 17 11
"chr17_29310269_C_A" 51 24 16 11 14
"chr17_30816310_A_T" 36 28 11 26 9
"chr17_32845013_C_T" 33 31 12 20 15
"chr17_32990697_G_C" 46 29 12 15 9
"chr17_33110992_T_G" 38 13 11 8 6
"chr17_33289280_C_T" 52 30 16 13 11
"chr17_34288647_A_C" 57 28 17 16 13
"chr17_34472977_G_C" 46 26 15 21 11
"chr17_35391370_T_A" 51 37 16 19 16
"chr17_37497165_T_A" 40 21 16 13 17
"chr17_40690214_C_T" 35 22 20 23 15
"chr17_40801906_G_T" 52 33 11 19 9
"chr17_42239469_T_A" 52 29 9 12 14
"chr17_42664418_G_T" 28 20 9 9 10
"chr17_43378723_A_G" 33 29 14 16 11
"chr17_4438193_C_T" 55 18 11 12 13
"chr17_45803469_C_T" 39 29 19 13 13
"chr17_47925562_A_T" 59 21 9 13 8
"chr17_4837140_T_C" 45 22 13 13 13
"chr17_52891732_C_T" 47 38 14 17 10
"chr17_53899808_C_T" 34 23 25 14 9
"chr17_57495747_C_A" 57 22 14 13 20
"chr17_58582458_T_C" 31 16 11 11 8
"chr17_5877335_C_T" 48 24 26 22 10
"chr17_59206143_G_T" 43 25 10 13 20
"chr17_5954908_G_A" 59 14 15 14 15
"chr17_59557472_C_A" 41 18 14 9 16
"chr17_60991501_G_A" 46 26 20 10 15
"chr17_61215165_A_G" 52 26 18 19 14
"chr17_61531586_G_C" 42 27 13 22 14
"chr17_62806927_A_T" 46 31 20 16 11
"chr17_63774144_T_G" 23 13 6 7 3
"chr17_63940648_C_T" 52 20 19 13 14
"chr17_64100208_T_A" 51 19 17 9 13
"chr17_65762503_T_G" 42 35 14 7 16
"chr17_67519834_C_A" 62 27 11 19 12
"chr17_68284351_G_T" 30 34 19 19 10
"chr17_69817579_T_C" 53 26 16 14 13
"chr17_70621574_A_G" 45 27 18 14 13
"chr17_72434292_G_A" 49 26 15 7 13
"chr17_73236819_A_G" 38 12 10 8 10
"chr17_73333961_C_A" 50 25 8 16 9
"chr17_74568310_A_G" 48 25 15 17 12
"chr17_78260806_G_T" 29 15 8 10 18
"chr17_78698592_C_G" 62 32 18 12 11
"chr17_79680544_C_T" 47 24 16 10 15
"chr17_8895076_A_G" 47 31 12 20 11
"chr17_9189002_A_G" 49 39 14 22 8
"chr18_12189250_G_A" 52 28 11 15 8
"chr18_13171524_C_T" 41 24 17 11 12
"chr18_14544074_C_T" 50 25 9 8 10
"chr18_14889994_G_A" 42 32 17 17 18
"chr18_24683979_G_A" 54 23 10 15 11
"chr18_25034575_C_A" 52 31 21 20 11
"chr18_25681223_G_A" 54 34 17 18 9
"chr18_25904184_C_T" 35 18 13 13 22
"chr18_26032849_C_T" 42 21 9 14 20
"chr18_28187235_A_C" 41 34 11 19 17
"chr18_28711035_G_T" 41 26 21 15 9
"chr18_28811199_G_T" 50 30 8 15 17
"chr18_29135288_G_A" 51 31 21 19 19
"chr18_30385224_C_T" 33 25 17 16 10
"chr18_33727557_C_T" 46 32 21 17 14
"chr18_33775872_C_T" 36 26 12 14 17
"chr18_35447459_G_A" 56 31 21 19 25
"chr18_39979068_G_T" 31 24 15 13 12
"chr18_41799511_A_T" 54 25 17 14 10
"chr18_42513271_C_T" 56 29 17 15 14
"chr18_43259547_A_T" 60 19 15 14 14
"chr18_43387650_C_T" 48 26 10 13 20
"chr18_44032484_G_T" 46 38 15 14 12
"chr18_49627452_T_G" 53 29 16 24 23
"chr18_50110036_A_G" 50 15 10 7 9
"chr18_51696108_G_A" 63 22 14 11 16
"chr18_51809986_C_T" 66 30 14 12 13
"chr18_51906689_A_G" 59 35 7 9 10
"chr18_52190960_G_A" 51 22 12 13 8
"chr18_5366422_G_C" 36 24 21 13 10
"chr18_53776115_G_A" 69 31 20 11 15
"chr18_54441338_G_A" 29 23 17 11 12
"chr18_55677308_C_T" 53 21 14 19 15
"chr18_58401787_C_A" 36 25 15 12 15
"chr18_59195793_G_A" 53 23 17 12 12
"chr18_59795699_G_A" 47 36 11 14 20
"chr18_59871394_C_A" 37 19 22 17 4
"chr18_61165283_C_G" 37 17 11 15 16
"chr18_63593441_G_A" 45 28 19 10 14
"chr18_64525646_G_A" 63 25 19 8 14
"chr18_65139977_G_A" 37 22 23 19 12
"chr18_65532784_G_A" 57 29 14 9 11
"chr18_66467252_G_A" 53 23 16 12 14
"chr18_6695189_C_T" 49 19 9 16 10
"chr18_67909135_G_A" 37 37 11 14 15
"chr18_68389096_T_A" 42 23 12 12 15
"chr18_68914355_C_T" 44 28 20 10 10
"chr18_69465413_G_A" 17 24 7 15 8
"chr18_69772009_A_T" 36 9 11 10 2
"chr18_70201866_C_A" 38 32 14 23 15
"chr18_72185419_A_T" 50 26 17 21 19
"chr18_72857243_G_A" 54 22 19 11 17
"chr18_73625762_G_T" 41 18 16 17 15
"chr18_75800716_C_T" 53 30 16 13 19
"chr18_76022988_G_T" 53 24 13 17 11
"chr18_76046813_G_T" 36 23 13 13 11
"chr18_79123330_A_G" 49 29 18 15 20
"chr18_79822856_C_T" 64 26 20 16 11
"chr18_8215828_T_G" 46 21 17 8 6
"chr18_9764331_T_C" 57 24 14 14 10
"chr19_11525236_C_T" 41 24 10 7 14
"chr19_11886249_G_T" 51 22 11 11 9
"chr19_11942736_G_T" 53 21 15 16 10
"chr19_12797481_T_A" 31 29 10 14 12
"chr19_16302302_G_A" 61 20 13 8 11
"chr19_17330000_C_T" 45 27 11 17 15
"chr19_17531403_C_A" 61 21 7 10 9
"chr19_2213986_G_A" 71 18 11 9 9
"chr19_28374811_C_A" 68 27 20 21 15
"chr19_29001368_G_A" 52 25 15 7 10
"chr19_29791969_G_A" 76 31 14 20 11
"chr19_29929539_G_T" 40 29 15 20 14
"chr19_30368341_C_T" 51 27 17 13 11
"chr19_31693488_G_A" 58 25 13 17 15
"chr19_31701884_C_T" 49 30 20 9 20
"chr19_33729297_G_A" 60 33 25 14 12
"chr19_34400639_C_T" 53 34 14 11 16
"chr19_37095213_A_T" 33 23 12 12 21
"chr19_37372236_T_C" 43 21 15 24 10
"chr19_41435302_C_A" 48 30 13 16 12
"chr19_44568931_A_T" 37 21 14 10 17
"chr19_49372939_C_T" 47 26 25 15 13
"chr19_51861848_G_A" 45 30 22 13 10
"chr19_52385620_C_T" 45 20 17 20 16
"chr19_5249327_T_C" 46 38 18 18 6
"chr19_52610405_C_A" 51 15 12 19 14
"chr19_54362393_T_G" 54 28 10 20 15
"chr19_54523313_G_A" 52 28 17 21 12
"chr19_5552177_C_T" 37 20 8 14 12
"chr19_55788864_C_T" 40 18 14 13 13
"chr19_5938745_G_T" 41 28 17 16 11
"chr19_8499363_C_T" 53 17 19 8 14
"chr19_931738_G_A" 36 21 12 9 12
"chr2_100251807_C_A" 53 25 20 12 11
"chr2_101156961_C_T" 39 20 14 7 11
"chr2_103489293_C_T" 62 28 12 23 9
"chr2_103804824_C_T" 44 36 11 12 16
"chr2_106441271_A_G" 31 13 14 8 10
"chr2_106519772_C_T" 57 26 18 18 12
"chr2_107738491_G_T" 48 26 17 20 14
"chr2_108038580_C_T" 35 33 16 13 13
"chr2_1095847_G_A" 51 30 16 10 10
"chr2_110692793_C_A" 58 28 14 13 18
"chr2_114050916_G_T" 49 25 22 20 14
"chr2_115968473_G_A" 32 28 14 12 11
"chr2_116410703_G_T" 43 28 18 14 15
"chr2_116419063_G_A" 54 26 14 20 15
"chr2_117266036_A_G" 51 27 25 9 16
"chr2_118378568_C_T" 55 25 21 15 8
"chr2_118771392_G_A" 61 30 16 10 9
"chr2_122969861_T_C" 51 23 9 15 11
"chr2_123561572_A_G" 40 26 14 11 14
"chr2_124128330_G_A" 61 26 19 12 15
"chr2_124451423_G_A" 37 17 14 18 15
"chr2_125494000_G_A" 55 31 15 8 17
"chr2_126442913_T_C" 57 28 7 11 16
"chr2_129301154_G_A" 46 26 16 18 19
"chr2_129779941_G_A" 55 31 7 21 8
"chr2_13097523_A_T" 21 24 5 5 7
"chr2_132030045_T_C" 44 28 23 11 13
"chr2_132033599_G_A" 32 20 15 20 14
"chr2_132955390_C_A" 53 22 13 10 21
"chr2_136467936_T_C" 33 23 15 18 15
"chr2_136720416_C_T" 54 33 14 13 18
"chr2_137240395_C_A" 47 22 18 11 16
"chr2_137863003_C_T" 60 22 12 17 16
"chr2_139119347_C_T" 41 27 13 10 10
"chr2_139603007_C_T" 62 29 13 16 10
"chr2_14058885_G_A" 27 33 14 25 13
"chr2_140688937_T_A" 56 20 17 15 14
"chr2_140892550_G_A" 51 18 13 16 13
"chr2_14106860_C_T" 37 27 14 17 15
"chr2_141672212_T_C" 47 23 21 9 14
"chr2_141898809_C_T" 58 21 13 12 17
"chr2_142344510_C_G" 37 20 12 16 13
"chr2_142487988_C_G" 45 26 29 22 11
"chr2_145016741_G_T" 39 21 14 18 9
"chr2_147139382_C_T" 36 22 11 10 15
"chr2_147769147_C_A" 54 28 13 20 9
"chr2_147908121_G_A" 34 20 11 10 12
"chr2_148138216_G_T" 44 27 18 16 8
"chr2_151889839_C_A" 50 26 12 20 12
"chr2_152910929_G_T" 36 29 17 16 12
"chr2_154477982_T_A" 48 21 14 6 17
"chr2_155861291_C_T" 35 27 17 15 17
"chr2_1585658_G_A" 62 21 15 14 8
"chr2_161275345_C_A" 46 26 18 15 13
"chr2_161862814_C_T" 46 30 14 19 19
"chr2_167552672_C_T" 55 27 13 18 18
"chr2_167843946_C_A" 62 25 18 12 10
"chr2_171131901_T_C" 49 24 16 19 16
"chr2_171544760_A_C" 51 28 15 14 19
"chr2_171622137_C_T" 54 24 14 8 11
"chr2_171683299_T_C" 33 36 13 17 10
"chr2_172913944_C_A" 51 30 18 13 17
"chr2_173358979_A_C" 55 29 14 12 16
"chr2_175679913_T_C" 42 27 14 15 16
"chr2_176234586_G_C" 43 24 10 12 16
"chr2_178641871_T_C" 51 32 17 12 9
"chr2_180194485_A_C" 38 27 11 15 16
"chr2_18047274_C_T" 60 26 20 15 16
"chr2_180496018_A_T" 41 25 12 18 14
"chr2_183268869_C_T" 53 31 18 17 21
"chr2_183318336_C_A" 67 22 18 16 19
"chr2_184783902_C_T" 61 29 20 15 17
"chr2_1865690_G_C" 41 16 11 15 9
"chr2_187901909_G_A" 50 28 18 9 10
"chr2_193786310_G_A" 41 33 11 20 15
"chr2_194008526_C_A" 52 18 19 19 17
"chr2_194959070_G_A" 52 21 15 11 6
"chr2_196431295_G_A" 40 28 15 15 23
"chr2_19660506_C_T" 55 25 14 24 14
"chr2_197300003_G_T" 51 29 19 18 11
"chr2_198454415_C_T" 51 15 13 9 14
"chr2_199308979_T_G" 40 22 13 11 13
"chr2_201826805_C_A" 51 34 21 19 12
"chr2_203522911_A_G" 33 20 15 11 12
"chr2_203932632_C_T" 62 23 13 16 8
"chr2_204376262_G_A" 47 26 12 17 15
"chr2_205405448_T_G" 37 37 23 21 10
"chr2_20541701_G_A" 60 17 18 11 11
"chr2_205980531_G_T" 37 21 18 11 16
"chr2_209040883_A_G" 43 23 8 22 15
"chr2_209576942_A_C" 63 27 21 9 17
"chr2_209829229_C_G" 49 31 13 9 17
"chr2_209946509_G_A" 53 38 16 12 17
"chr2_210061435_T_C" 64 34 17 12 17
"chr2_210795050_T_C" 59 19 17 14 10
"chr2_212497518_A_T" 65 26 18 16 17
"chr2_21350040_G_A" 47 28 14 10 14
"chr2_213734021_A_T" 62 23 16 9 9
"chr2_214864851_C_T" 36 20 10 14 12
"chr2_215178318_C_T" 41 17 22 15 16
"chr2_215355622_T_A" 32 16 9 9 7
"chr2_217420967_T_A" 47 32 22 19 17
"chr2_220074295_C_T" 39 28 19 15 13
"chr2_220652260_G_T" 40 21 10 8 6
"chr2_22116029_G_A" 50 27 10 13 12
"chr2_221815737_G_A" 66 29 9 18 12
"chr2_221853540_C_T" 49 18 17 14 18
"chr2_223436332_C_A" 60 26 17 16 16
"chr2_225209116_T_A" 55 24 19 21 11
"chr2_2264666_G_A" 48 28 15 18 8
"chr2_226702410_A_T" 50 24 14 11 15
"chr2_22671719_G_A" 40 30 15 18 11
"chr2_227333835_G_A" 58 25 13 17 16
"chr2_228098638_G_A" 34 12 9 16 15
"chr2_228695025_G_A" 44 24 11 15 18
"chr2_228898635_T_G" 46 27 8 13 18
"chr2_229114010_C_T" 45 24 16 12 12
"chr2_229260221_G_A" 45 23 16 11 14
"chr2_230569991_G_A" 51 24 19 17 12
"chr2_231495242_C_A" 55 20 10 19 7
"chr2_238610921_A_G" 51 30 17 13 12
"chr2_238610924_A_G" 50 28 19 12 11
"chr2_239546837_T_G" 32 11 3 8 7
"chr2_240523855_C_T" 60 22 13 9 17
"chr2_24470933_G_A" 23 22 13 10 11
"chr2_25162816_T_A" 38 23 12 16 14
"chr2_2545573_C_T" 49 29 14 17 14
"chr2_26261105_T_C" 51 29 12 11 5
"chr2_27515963_G_T" 20 18 6 11 14
"chr2_28439196_T_C" 46 29 13 18 14
"chr2_28567149_A_T" 33 22 15 7 17
"chr2_29652452_T_C" 58 18 19 14 14
"chr2_3016759_G_T" 40 15 18 8 14
"chr2_30821008_T_C" 50 28 17 13 11
"chr2_33143349_T_G" 44 22 11 13 13
"chr2_34280835_C_G" 44 21 17 17 12
"chr2_35314592_C_T" 38 23 12 14 8
"chr2_35531694_A_T" 43 34 17 12 11
"chr2_35666318_C_T" 42 30 8 12 12
"chr2_36234910_G_A" 49 25 18 18 14
"chr2_38452445_A_C" 44 26 18 13 10
"chr2_3879344_G_A" 54 14 17 16 11
"chr2_39918058_T_G" 58 22 22 15 8
"chr2_40378775_C_T" 57 36 18 12 16
"chr2_40652354_C_T" 53 22 12 14 10
"chr2_41415647_G_A" 34 32 19 20 15
"chr2_41975262_C_T" 63 25 15 18 14
"chr2_44222375_T_G" 42 30 21 16 11
"chr2_44831520_T_G" 44 26 21 11 15
"chr2_45504617_A_T" 46 36 19 19 14
"chr2_4578466_G_C" 49 29 13 10 20
"chr2_46104073_G_T" 50 31 22 8 17
"chr2_4621811_C_G" 67 27 6 19 14
"chr2_47200900_C_A" 64 25 13 16 18
"chr2_47947457_T_A" 46 37 12 20 17
"chr2_50191052_G_A" 60 26 12 20 13
"chr2_51169095_G_T" 56 25 15 12 16
"chr2_5267701_C_T" 52 24 16 13 10
"chr2_53465754_C_T" 46 23 17 13 19
"chr2_55443354_C_T" 56 32 15 13 13
"chr2_55731950_C_A" 33 32 23 17 18
"chr2_57029025_C_T" 44 26 17 7 17
"chr2_5945786_G_T" 63 34 12 12 12
"chr2_59748787_A_T" 46 27 16 15 16
"chr2_60027782_C_T" 38 28 19 17 10
"chr2_63235172_A_T" 51 30 13 18 16
"chr2_63399881_T_C" 33 37 11 12 18
"chr2_70151401_T_A" 44 25 14 12 18
"chr2_71817481_C_T" 48 30 14 21 13
"chr2_75254640_T_G" 39 29 17 17 17
"chr2_75451180_A_G" 55 31 18 9 14
"chr2_75859386_C_T" 55 29 16 21 11
"chr2_76560263_C_T" 46 24 16 11 13
"chr2_76570214_C_T" 57 21 22 10 15
"chr2_77403250_A_G" 28 30 14 6 10
"chr2_78338750_T_C" 47 22 12 22 17
"chr2_78711650_G_T" 54 25 17 15 12
"chr2_79544612_A_T" 53 32 17 15 15
"chr2_795893_G_A" 50 25 7 11 16
"chr2_80685401_G_A" 36 34 12 14 11
"chr2_80776827_C_A" 36 22 12 18 9
"chr2_81123358_G_A" 35 23 18 14 22
"chr2_83076984_C_A" 32 19 18 7 15
"chr2_86303000_A_T" 40 15 15 11 18
"chr2_89046889_C_A" 35 19 19 24 9
"chr2_95662426_A_G" 55 31 18 14 22
"chr2_9683807_C_A" 56 24 21 15 6
"chr20_1008029_T_C" 34 36 22 16 21
"chr20_10284479_C_A" 38 20 15 11 16
"chr20_11072663_C_T" 54 27 9 17 10
"chr20_11590453_G_T" 45 27 18 15 13
"chr20_13091648_A_G" 51 23 12 7 7
"chr20_14021431_T_G" 51 25 25 8 9
"chr20_15780548_G_A" 38 24 12 24 15
"chr20_16893608_C_T" 52 26 17 12 12
"chr20_18696236_G_A" 48 26 9 15 14
"chr20_20985233_C_A" 61 34 14 17 7
"chr20_21275589_C_T" 23 11 8 9 13
"chr20_21729480_G_A" 40 24 17 18 11
"chr20_22035001_C_A" 38 35 9 25 16
"chr20_22720899_A_G" 53 25 14 11 13
"chr20_23804428_G_A" 63 22 21 15 18
"chr20_23963012_A_C" 41 30 15 11 15
"chr20_24189411_C_A" 44 23 15 10 11
"chr20_2983918_A_T" 45 21 17 18 13
"chr20_3033109_T_A" 44 20 14 17 9
"chr20_3170708_G_T" 53 22 14 8 11
"chr20_32525318_C_T" 50 25 18 15 18
"chr20_32720331_C_G" 41 30 10 15 14
"chr20_33788687_A_G" 49 25 16 5 8
"chr20_35129936_C_A" 40 22 13 14 20
"chr20_3566255_A_G" 51 27 14 10 17
"chr20_36562927_G_A" 49 22 12 13 14
"chr20_39059063_T_A" 42 14 19 7 12
"chr20_39284685_G_A" 48 27 19 19 19
"chr20_40485358_C_T" 54 25 14 12 7
"chr20_41120758_T_C" 61 20 12 10 13
"chr20_42838838_G_A" 62 26 18 16 10
"chr20_43043337_C_G" 49 36 10 12 14
"chr20_44420486_A_G" 50 11 11 9 15
"chr20_46842842_C_T" 34 26 21 23 17
"chr20_46915340_C_T" 46 35 18 10 19
"chr20_48882277_C_T" 62 35 22 14 18
"chr20_4965010_T_A" 37 34 13 18 11
"chr20_50064337_C_T" 53 22 13 18 10
"chr20_51276009_G_A" 56 22 26 6 14
"chr20_524200_G_T" 54 25 15 11 16
"chr20_52675158_G_A" 41 25 16 14 14
"chr20_53232632_T_C" 47 34 24 11 17
"chr20_53369016_C_T" 65 21 15 18 6
"chr20_53493817_G_A" 42 32 13 16 10
"chr20_5374368_C_T" 49 28 12 9 14
"chr20_543558_A_C" 31 17 6 9 6
"chr20_54471112_C_T" 54 28 13 20 17
"chr20_55847991_G_A" 46 28 20 15 12
"chr20_61137298_C_T" 52 23 17 10 7
"chr20_61384258_C_T" 55 24 13 19 16
"chr20_61672820_G_T" 55 30 11 15 10
"chr20_63784619_G_A" 59 24 10 16 13
"chr20_64173333_C_T" 55 25 16 11 9
"chr20_7659797_T_G" 40 35 10 18 11
"chr20_9666784_T_C" 48 33 15 24 9
"chr21_15446922_C_A" 40 24 7 21 8
"chr21_16309637_C_T" 45 23 10 12 13
"chr21_16369011_G_A" 36 24 18 20 7
"chr21_20234772_C_G" 28 30 10 15 20
"chr21_20923212_G_A" 37 24 18 9 18
"chr21_22377518_G_A" 36 19 14 19 15
"chr21_23495677_C_T" 42 32 14 9 12
"chr21_23630599_T_A" 48 27 15 16 18
"chr21_25147356_G_A" 61 15 14 27 18
"chr21_25875064_G_T" 78 22 14 23 18
"chr21_27849863_C_T" 44 19 24 14 7
"chr21_30973666_A_G" 49 29 14 15 13
"chr21_31734495_A_C" 54 17 14 11 13
"chr21_34046665_T_G" 36 32 13 14 14
"chr21_35659429_C_T" 44 21 14 10 12
"chr21_37689525_G_A" 48 21 8 19 16
"chr21_40800279_G_A" 44 29 16 19 19
"chr21_46252977_T_A" 52 22 17 13 13
"chr21_9976452_C_A" 139 91 47 41 50
"chr22_17408066_G_A" 34 34 7 8 13
"chr22_19193043_C_T" 57 22 11 17 13
"chr22_20039130_C_A" 34 24 13 15 8
"chr22_20445926_T_C" 61 27 17 16 16
"chr22_22932995_C_T" 63 24 17 18 11
"chr22_26716953_T_A" 42 29 13 17 19
"chr22_31041482_G_C" 47 35 14 15 14
"chr22_32117563_C_T" 59 33 20 23 19
"chr22_33381873_G_A" 48 25 16 20 19
"chr22_33728252_A_T" 51 23 11 17 14
"chr22_35394579_C_T" 48 24 16 9 11
"chr22_39911181_A_G" 47 28 24 16 17
"chr22_39911182_C_A" 50 26 20 14 17
"chr22_40731043_G_C" 33 19 9 15 8
"chr22_44748081_C_G" 43 18 16 20 13
"chr22_46406158_C_G" 49 24 16 15 18
"chr22_47463451_G_A" 41 28 17 14 23
"chr22_49017836_A_G" 56 24 15 18 14
"chr22_49121743_C_A" 56 15 9 14 14
"chr22_49353291_G_A" 59 22 10 14 17
"chr3_100494580_C_T" 39 25 17 10 15
"chr3_102811127_G_A" 49 25 16 14 12
"chr3_10335182_G_A" 63 25 19 19 17
"chr3_104220430_G_T" 61 20 14 13 12
"chr3_104648778_C_T" 47 26 15 14 17
"chr3_106066013_A_G" 55 27 17 12 19
"chr3_106174646_T_C" 42 25 21 18 19
"chr3_106347120_G_T" 30 8 11 9 6
"chr3_108121573_A_G" 46 29 16 10 16
"chr3_10848888_T_C" 61 31 9 9 15
"chr3_112313339_A_G" 45 31 10 21 14
"chr3_1123621_T_C" 62 31 19 12 15
"chr3_113543113_G_A" 56 20 14 23 7
"chr3_114554688_C_T" 57 30 15 9 18
"chr3_115002881_T_A" 55 25 11 19 17
"chr3_115761417_G_T" 58 19 15 19 16
"chr3_116391295_G_A" 24 16 12 9 8
"chr3_118029997_C_T" 29 27 10 20 12
"chr3_118262565_C_T" 46 33 16 21 17
"chr3_118979228_A_T" 39 28 16 16 17
"chr3_120473272_A_T" 50 29 18 15 19
"chr3_121848153_T_G" 61 31 19 13 10
"chr3_122584351_A_T" 56 33 19 24 22
"chr3_122607890_G_T" 49 23 20 16 22
"chr3_123126430_T_G" 48 26 12 16 10
"chr3_125723725_G_C" 56 20 22 14 15
"chr3_126643733_A_T" 34 23 23 17 14
"chr3_127311510_A_G" 41 28 12 12 12
"chr3_1278458_G_A" 65 29 12 15 10
"chr3_1306473_A_G" 46 25 13 10 6
"chr3_13067591_C_T" 45 20 21 15 14
"chr3_132078613_A_C" 48 24 15 18 20
"chr3_132245158_G_A" 58 28 14 17 13
"chr3_133840813_C_A" 44 21 13 14 13
"chr3_133848768_A_T" 52 32 22 13 18
"chr3_135391946_C_T" 72 23 20 20 10
"chr3_136020275_C_T" 40 28 21 11 12
"chr3_136020282_A_G" 37 27 19 10 12
"chr3_138162012_G_A" 56 34 15 17 9
"chr3_14005198_C_A" 54 24 22 13 14
"chr3_140548422_G_A" 57 27 9 14 15
"chr3_14084194_C_T" 50 28 15 20 11
"chr3_142188419_C_T" 44 21 18 10 9
"chr3_144314492_C_T" 48 40 15 11 16
"chr3_144463423_C_T" 58 29 21 14 14
"chr3_145332874_C_T" 47 25 8 16 12
"chr3_145577294_G_T" 68 29 16 8 9
"chr3_145647648_C_T" 43 22 14 11 20
"chr3_145907830_T_C" 47 23 21 12 14
"chr3_146169336_G_A" 42 24 16 21 12
"chr3_147169198_A_C" 39 23 12 11 16
"chr3_147363887_C_T" 51 34 12 18 17
"chr3_147519756_G_A" 42 22 19 14 11
"chr3_148493894_G_A" 39 20 16 20 15
"chr3_154974721_G_A" 45 18 17 12 12
"chr3_155312690_C_A" 46 33 14 15 13
"chr3_155927817_G_T" 43 35 13 22 11
"chr3_155969779_G_A" 53 25 19 18 15
"chr3_156638325_T_C" 50 17 12 11 4
"chr3_158338098_T_C" 60 41 11 13 10
"chr3_160033994_A_G" 48 24 16 9 13
"chr3_160791607_A_C" 30 8 5 7 3
"chr3_161016986_T_A" 53 20 15 17 18
"chr3_162676901_T_A" 43 36 18 15 10
"chr3_1628620_G_A" 50 37 12 26 15
"chr3_163465512_C_T" 72 21 18 19 12
"chr3_164500872_C_T" 51 22 14 17 7
"chr3_16508085_C_T" 51 23 17 15 13
"chr3_165358526_C_G" 42 24 13 7 13
"chr3_165369836_A_C" 43 29 14 22 15
"chr3_165703851_T_A" 48 25 10 14 17
"chr3_165803479_T_C" 38 30 9 16 18
"chr3_167044090_C_T" 62 27 13 17 11
"chr3_167059532_G_A" 66 30 13 13 15
"chr3_168074152_C_T" 53 18 14 11 13
"chr3_171038020_T_C" 51 23 14 19 9
"chr3_175653747_C_A" 64 24 14 10 18
"chr3_176478323_G_A" 56 32 16 10 10
"chr3_177344800_G_A" 41 28 20 19 13
"chr3_178654405_A_C" 54 40 12 22 16
"chr3_178864370_G_A" 27 26 16 19 10
"chr3_179201177_A_T" 47 28 13 21 14
"chr3_181558688_G_A" 36 26 18 9 12
"chr3_182055769_C_T" 52 21 15 16 10
"chr3_186323215_C_T" 48 30 15 16 16
"chr3_186611372_C_T" 57 19 11 16 13
"chr3_189259171_G_A" 67 19 8 12 15
"chr3_190477040_T_A" 51 21 17 21 11
"chr3_192635158_C_T" 49 23 17 10 9
"chr3_196486731_A_G" 59 33 15 24 20
"chr3_196978836_A_G" 46 26 5 10 13
"chr3_21095766_G_C" 63 22 21 19 10
"chr3_21119748_C_T" 51 33 9 17 13
"chr3_21891180_C_T" 42 19 18 15 10
"chr3_22769639_A_T" 61 26 18 11 15
"chr3_23103293_C_T" 48 20 20 15 19
"chr3_23107739_C_T" 68 26 17 13 13
"chr3_23250612_T_C" 52 26 33 13 17
"chr3_23398741_G_A" 49 42 21 12 9
"chr3_24050222_T_A" 53 27 15 19 13
"chr3_24755515_G_A" 45 15 16 16 14
"chr3_26369284_G_A" 53 29 13 18 15
"chr3_31150468_T_A" 49 24 18 10 10
"chr3_40245506_G_A" 28 27 16 14 19
"chr3_40868055_G_A" 45 25 15 9 13
"chr3_41845123_G_A" 41 22 11 14 7
"chr3_42774655_T_G" 40 33 12 15 14
"chr3_46343822_A_T" 38 32 17 16 21
"chr3_49296023_A_G" 42 26 15 17 14
"chr3_51178899_A_T" 42 33 13 15 11
"chr3_53886532_C_T" 37 22 19 17 11
"chr3_55206068_G_A" 48 26 16 16 23
"chr3_55836761_A_C" 52 26 12 12 13
"chr3_56737217_A_C" 40 27 12 12 16
"chr3_57086999_G_A" 48 22 17 18 14
"chr3_57751745_C_T" 47 24 13 8 13
"chr3_59997008_G_A" 60 29 11 15 11
"chr3_62960851_T_A" 45 39 28 11 10
"chr3_63858742_T_C" 56 28 15 14 3
"chr3_64425257_C_T" 56 25 21 15 15
"chr3_65145864_G_T" 56 29 18 16 12
"chr3_6591420_A_T" 50 21 20 8 16
"chr3_68123622_C_A" 49 26 19 21 26
"chr3_68159774_G_A" 53 27 13 16 14
"chr3_7005101_T_A" 60 31 12 19 12
"chr3_70136480_C_T" 63 26 10 11 14
"chr3_70418406_G_A" 58 35 15 15 13
"chr3_71975152_A_G" 51 15 12 12 22
"chr3_73691099_C_A" 31 28 22 16 22
"chr3_75049287_G_A" 57 25 16 7 11
"chr3_75064074_C_T" 48 30 11 8 10
"chr3_75253502_G_A" 43 26 12 13 18
"chr3_75862301_G_A" 45 34 15 8 16
"chr3_79176749_C_T" 52 29 15 18 16
"chr3_79692124_G_A" 37 25 12 19 10
"chr3_80021890_C_T" 46 17 20 19 17
"chr3_81419746_G_A" 46 30 19 14 16
"chr3_81421115_A_G" 40 24 15 15 15
"chr3_81772592_G_A" 54 25 12 13 18
"chr3_82356972_T_G" 62 21 19 16 11
"chr3_83709191_G_A" 59 33 13 21 15
"chr3_84011154_C_T" 60 25 20 18 11
"chr3_84410664_C_T" 44 32 20 17 16
"chr3_84411797_C_A" 41 18 13 12 9
"chr3_84582398_G_T" 50 30 17 12 14
"chr3_85022405_G_A" 59 31 12 10 15
"chr3_8546869_C_G" 58 35 23 22 14
"chr3_86176750_C_T" 47 29 21 13 13
"chr3_86219598_A_T" 54 20 9 14 10
"chr3_86340298_C_T" 46 36 17 21 9
"chr3_87503077_C_T" 31 15 10 15 12
"chr3_87738307_C_T" 51 35 18 11 21
"chr3_87899886_C_T" 49 24 16 15 13
"chr3_88383915_G_A" 42 28 13 12 10
"chr3_88476822_G_A" 48 27 15 20 14
"chr3_89886337_C_T" 46 28 21 17 14
"chr3_93815799_G_A" 66 27 12 13 15
"chr3_94934513_A_T" 35 30 19 10 15
"chr3_9496304_G_T" 47 30 16 12 23
"chr3_96005049_T_G" 37 32 25 22 27
"chr3_96769343_G_A" 53 26 14 24 12
"chr3_98999463_G_A" 56 25 12 20 20
"chr3_99586010_G_A" 43 25 18 14 23
"chr4_101498332_G_T" 34 24 8 7 6
"chr4_101676981_T_G" 53 26 16 9 18
"chr4_103520626_T_C" 49 30 15 7 10
"chr4_103534955_C_A" 35 21 16 9 14
"chr4_106511204_C_T" 32 26 13 16 13
"chr4_108078283_C_T" 64 30 9 13 14
"chr4_111556372_C_T" 50 38 12 12 10
"chr4_112409629_C_T" 46 21 23 13 11
"chr4_114849858_C_T" 61 24 25 14 10
"chr4_115817411_A_G" 37 22 10 12 10
"chr4_116686103_G_A" 55 28 14 13 14
"chr4_118753260_C_T" 48 31 15 12 19
"chr4_121857956_G_T" 50 24 10 17 10
"chr4_125062213_C_T" 38 32 13 16 12
"chr4_12528672_G_A" 57 18 14 18 15
"chr4_125835943_G_T" 40 22 13 16 13
"chr4_126480099_C_G" 44 31 8 16 13
"chr4_128897146_A_G" 50 29 10 15 17
"chr4_132651861_G_A" 48 33 19 13 17
"chr4_132747893_A_T" 54 22 15 16 14
"chr4_134530061_T_C" 49 25 13 17 13
"chr4_134928680_T_A" 75 17 6 16 5
"chr4_135224552_G_T" 50 35 10 18 16
"chr4_135324177_G_A" 30 19 15 12 17
"chr4_135631637_C_T" 50 29 13 17 13
"chr4_135634428_T_A" 56 28 17 14 11
"chr4_135670432_G_A" 78 34 21 12 12
"chr4_136284001_A_T" 38 17 11 7 8
"chr4_137739346_G_T" 45 29 12 15 8
"chr4_137814779_T_C" 59 38 23 15 18
"chr4_138374020_G_A" 45 22 14 13 2
"chr4_140574017_A_G" 59 27 12 19 18
"chr4_141468618_G_A" 47 27 17 19 9
"chr4_145511342_A_G" 49 29 13 14 8
"chr4_145781121_G_A" 40 22 14 10 14
"chr4_147077628_C_A" 74 18 14 8 11
"chr4_149554795_G_T" 39 27 7 15 14
"chr4_151843250_C_G" 56 22 16 11 12
"chr4_152368220_G_A" 47 33 8 14 10
"chr4_15359663_G_A" 49 31 14 18 14
"chr4_153982975_G_A" 67 25 11 7 15
"chr4_156157190_G_C" 50 25 19 18 14
"chr4_156323742_G_A" 38 28 11 15 9
"chr4_15789922_T_A" 43 25 7 14 12
"chr4_159578834_T_A" 62 17 20 12 15
"chr4_160419912_G_C" 44 25 14 16 11
"chr4_160897369_C_T" 44 26 8 18 9
"chr4_161223519_T_C" 35 29 16 16 9
"chr4_162098205_C_T" 40 26 14 11 14
"chr4_162665761_T_C" 47 28 11 15 12
"chr4_162947444_G_A" 53 27 11 17 11
"chr4_163567849_T_A" 38 18 19 19 12
"chr4_164475272_T_G" 35 26 21 19 11
"chr4_166228422_C_T" 44 31 12 17 15
"chr4_166393023_G_A" 40 27 17 19 14
"chr4_167849238_C_T" 40 21 12 16 12
"chr4_168958983_A_T" 29 35 14 18 13
"chr4_170845054_C_G" 47 27 11 14 15
"chr4_17117462_T_G" 41 26 10 10 20
"chr4_171565255_A_T" 54 31 12 16 19
"chr4_172260377_G_T" 49 42 18 22 14
"chr4_172706399_G_T" 62 25 13 15 12
"chr4_173574485_C_T" 37 31 11 13 14
"chr4_173780284_T_C" 64 30 21 15 12
"chr4_174422494_G_T" 41 19 11 11 11
"chr4_174427827_G_A" 49 21 13 16 15
"chr4_175127650_G_A" 43 31 15 21 17
"chr4_175756553_T_C" 59 29 9 8 15
"chr4_177087316_A_C" 59 20 16 19 9
"chr4_177375865_C_T" 55 37 16 20 13
"chr4_178092427_C_T" 40 28 15 15 15
"chr4_178882335_G_C" 52 22 11 12 8
"chr4_179197763_G_A" 41 29 12 10 20
"chr4_179695603_C_T" 26 27 13 12 13
"chr4_179828593_T_G" 48 28 11 13 6
"chr4_179887920_C_T" 46 30 12 12 11
"chr4_180035790_C_A" 54 29 10 12 14
"chr4_180129486_G_T" 20 18 2 7 4
"chr4_180267242_G_A" 31 36 17 14 10
"chr4_182397890_G_A" 57 24 16 16 9
"chr4_183319341_G_A" 50 26 17 14 18
"chr4_185498204_C_A" 31 30 21 11 16
"chr4_186094160_T_C" 55 36 15 15 15
"chr4_187192040_G_A" 59 27 16 21 11
"chr4_187862664_G_A" 61 36 14 17 19
"chr4_19365058_T_A" 32 38 14 16 11
"chr4_20025282_G_A" 53 29 13 12 18
"chr4_20278980_C_T" 52 31 18 15 19
"chr4_20410866_C_T" 42 28 18 13 14
"chr4_21133365_C_G" 54 29 10 17 15
"chr4_22272831_C_T" 42 34 12 18 13
"chr4_22678981_G_A" 29 17 12 17 9
"chr4_24941005_C_T" 70 33 15 8 11
"chr4_26042379_A_T" 46 21 18 20 15
"chr4_26295009_C_A" 59 29 16 12 19
"chr4_27328679_G_A" 51 21 13 20 11
"chr4_27557060_C_A" 34 19 12 13 16
"chr4_28686632_C_T" 52 25 14 13 14
"chr4_29098125_C_T" 46 26 16 14 17
"chr4_29349529_G_A" 47 26 14 8 19
"chr4_29897829_C_T" 40 23 11 13 10
"chr4_31415053_T_C" 55 27 11 16 14
"chr4_33266475_G_A" 48 26 16 16 15
"chr4_35038498_C_T" 68 30 15 12 10
"chr4_35359042_G_T" 62 41 19 17 10
"chr4_35672618_G_T" 39 24 10 18 16
"chr4_35818653_G_A" 47 23 16 19 20
"chr4_3658882_G_A" 38 28 13 14 14
"chr4_3690225_G_A" 52 30 15 21 16
"chr4_37120563_C_T" 54 25 19 18 7
"chr4_37333244_G_A" 50 22 15 10 14
"chr4_38384071_C_T" 37 24 11 16 11
"chr4_3958237_A_G" 53 23 16 14 11
"chr4_42512333_G_C" 49 29 18 14 12
"chr4_42765662_C_T" 47 28 14 11 11
"chr4_43821055_T_C" 49 29 13 8 20
"chr4_43905770_G_A" 45 23 15 20 11
"chr4_44514655_A_T" 28 9 7 15 8
"chr4_44806414_C_T" 37 25 11 12 15
"chr4_4528093_C_A" 33 11 9 15 8
"chr4_45735068_C_T" 50 27 11 11 10
"chr4_45989956_G_A" 58 25 15 11 9
"chr4_46146370_C_T" 40 30 16 10 12
"chr4_46167476_G_C" 30 38 19 20 13
"chr4_46200211_A_T" 48 30 13 14 11
"chr4_46408788_A_C" 39 25 11 19 19
"chr4_47152616_T_G" 49 25 11 16 15
"chr4_47189157_G_A" 60 28 14 23 10
"chr4_47634007_A_T" 33 29 15 12 15
"chr4_52394093_C_T" 53 36 10 21 14
"chr4_53927905_A_T" 55 28 18 8 19
"chr4_56561454_G_T" 47 26 11 11 5
"chr4_5702175_G_T" 50 27 14 12 11
"chr4_58047941_G_A" 49 28 18 11 20
"chr4_58619657_A_T" 49 27 16 19 13
"chr4_59632569_G_A" 42 29 14 17 16
"chr4_60179761_T_C" 51 32 15 17 16
"chr4_60551311_C_A" 59 31 8 11 12
"chr4_62645289_T_A" 35 34 14 10 21
"chr4_63289396_C_G" 47 25 14 14 20
"chr4_63375829_G_A" 48 32 16 17 13
"chr4_63706632_C_A" 42 31 14 18 16
"chr4_64065715_A_G" 48 23 8 13 7
"chr4_64817388_C_G" 46 29 20 10 18
"chr4_65371961_C_T" 56 19 13 19 19
"chr4_66154014_G_A" 51 32 12 14 13
"chr4_67294956_G_A" 22 17 2 5 7
"chr4_67669382_A_G" 63 27 16 17 18
"chr4_69130952_C_A" 50 22 15 18 11
"chr4_69535502_C_T" 40 22 13 19 15
"chr4_70649744_G_A" 46 32 10 10 13
"chr4_71544540_A_G" 40 27 13 20 11
"chr4_72143739_C_T" 68 30 11 7 10
"chr4_72469895_C_T" 53 22 15 17 15
"chr4_7309850_G_A" 62 24 12 20 17
"chr4_74946829_G_A" 45 35 17 14 16
"chr4_78181525_G_A" 52 27 10 20 16
"chr4_78688141_T_A" 47 33 22 17 16
"chr4_79638726_T_A" 34 20 16 18 13
"chr4_80165840_T_G" 29 30 12 14 15
"chr4_82349515_C_G" 36 12 12 9 5
"chr4_84235393_T_C" 55 34 10 12 16
"chr4_86320789_G_A" 56 29 20 18 10
"chr4_87756883_G_A" 49 23 21 24 17
"chr4_8909089_G_T" 46 23 10 14 10
"chr4_89855305_T_A" 42 21 14 13 16
"chr4_90412858_G_T" 64 31 18 17 18
"chr4_90630050_T_G" 61 28 11 14 17
"chr4_92756087_C_T" 36 15 20 15 11
"chr4_93356087_T_A" 33 17 18 18 25
"chr4_93775599_G_A" 61 21 16 14 13
"chr4_94356340_A_C" 42 24 10 21 16
"chr4_95989214_G_A" 47 27 9 18 11
"chr4_96518421_C_T" 43 22 20 11 12
"chr4_97494897_C_T" 38 28 22 13 17
"chr4_97580201_C_T" 33 22 15 14 14
"chr4_98590654_G_T" 59 18 15 11 2
"chr5_101569282_G_A" 42 24 14 15 14
"chr5_101714190_C_T" 41 16 12 11 14
"chr5_102671991_C_T" 45 25 12 7 9
"chr5_105449689_G_A" 57 20 19 14 14
"chr5_10576368_C_T" 49 33 16 17 13
"chr5_111364587_G_A" 58 26 12 14 12
"chr5_112232128_A_G" 28 13 17 15 11
"chr5_11502384_A_G" 47 24 17 21 14
"chr5_115543043_T_C" 34 26 18 16 13
"chr5_115771750_A_T" 41 27 16 17 11
"chr5_116438004_A_G" 48 19 20 18 14
"chr5_116808334_T_A" 51 30 16 21 20
"chr5_11684540_C_A" 40 26 15 17 15
"chr5_118426633_G_A" 52 33 16 27 19
"chr5_118829684_T_A" 37 16 16 14 11
"chr5_120212213_A_C" 53 33 17 11 13
"chr5_120929834_C_T" 48 36 25 19 13
"chr5_12268435_C_A" 42 26 20 6 15
"chr5_124792756_G_T" 46 20 18 9 8
"chr5_126699054_T_C" 52 34 22 13 16
"chr5_127705355_T_C" 38 29 15 11 12
"chr5_128752993_A_G" 50 20 12 14 11
"chr5_130899181_C_T" 40 28 10 21 17
"chr5_13101804_C_A" 32 35 17 13 15
"chr5_135085139_G_A" 56 20 18 12 14
"chr5_135924892_A_T" 61 40 13 14 17
"chr5_136288063_C_A" 45 32 13 10 9
"chr5_136313255_C_A" 55 34 20 16 18
"chr5_136544087_G_T" 33 21 13 11 14
"chr5_136755722_T_C" 51 31 21 12 16
"chr5_136764048_G_T" 43 19 8 16 22
"chr5_137472218_C_A" 49 22 15 13 10
"chr5_13766622_G_C" 47 25 10 20 19
"chr5_139092976_G_A" 37 21 15 17 10
"chr5_140464581_T_A" 55 35 16 25 21
"chr5_140592349_C_T" 45 25 16 16 15
"chr5_140852972_G_A" 41 28 19 20 14
"chr5_141666438_C_T" 47 28 14 14 7
"chr5_142371506_A_C" 46 24 18 7 13
"chr5_142739776_T_C" 67 33 12 11 6
"chr5_145385432_G_C" 53 23 19 16 9
"chr5_146257269_G_C" 62 33 13 11 16
"chr5_146694497_T_C" 38 27 9 18 13
"chr5_146964143_C_A" 43 28 19 25 11
"chr5_149087403_G_T" 58 16 21 4 14
"chr5_150541156_C_G" 45 20 14 17 15
"chr5_151043116_A_G" 39 22 11 14 12
"chr5_151173076_G_A" 45 18 17 18 8
"chr5_151363616_C_T" 53 22 20 17 20
"chr5_155884855_C_T" 44 21 15 19 15
"chr5_156784968_G_A" 53 20 18 14 11
"chr5_15698050_C_T" 52 23 7 14 15
"chr5_158731118_A_G" 60 25 23 9 13
"chr5_159342479_C_T" 47 18 15 20 12
"chr5_159393875_A_C" 59 23 11 18 13
"chr5_161960482_C_T" 57 26 20 14 13
"chr5_163917648_C_T" 44 21 11 17 14
"chr5_163964029_C_T" 53 30 18 13 19
"chr5_164753520_G_T" 64 16 7 8 15
"chr5_16569057_C_G" 47 28 23 24 13
"chr5_165756976_G_T" 47 32 23 16 13
"chr5_166130301_C_T" 44 29 18 6 14
"chr5_167248274_A_T" 42 32 15 10 12
"chr5_169287764_C_T" 49 29 17 15 16
"chr5_175675124_C_T" 49 30 19 18 19
"chr5_179238238_C_T" 47 23 15 14 13
"chr5_180192231_C_T" 51 31 20 12 12
"chr5_18354119_C_T" 42 16 13 11 13
"chr5_18537662_G_A" 52 24 11 22 14
"chr5_19001850_C_T" 59 30 16 17 9
"chr5_19811296_A_T" 32 27 20 12 18
"chr5_21020532_G_A" 40 39 23 26 17
"chr5_21157022_A_G" 45 33 13 11 16
"chr5_2143476_C_T" 26 25 16 24 11
"chr5_21953942_A_G" 55 24 11 15 12
"chr5_23671684_G_T" 49 21 13 17 15
"chr5_24056081_C_A" 42 38 20 14 14
"chr5_24787488_T_A" 45 29 17 18 15
"chr5_25614606_G_T" 61 24 15 14 8
"chr5_25625848_C_T" 57 36 16 16 10
"chr5_26266292_C_A" 51 36 18 14 11
"chr5_27531180_A_G" 38 27 11 10 11
"chr5_28127409_A_T" 50 34 14 24 13
"chr5_28270609_C_T" 46 46 16 12 8
"chr5_28371904_C_T" 65 20 11 17 15
"chr5_28531777_T_C" 55 34 18 15 11
"chr5_28714418_T_A" 42 32 11 15 12
"chr5_28766026_T_A" 52 30 19 12 19
"chr5_28891228_G_A" 62 25 10 12 6
"chr5_30026286_T_A" 51 22 24 14 16
"chr5_30125685_T_C" 60 31 17 12 15
"chr5_32764645_G_T" 42 17 15 11 10
"chr5_34749100_A_T" 54 26 14 12 15
"chr5_34908038_T_A" 47 39 14 25 13
"chr5_35356636_G_T" 39 21 14 17 9
"chr5_35794353_T_G" 40 26 19 11 13
"chr5_3831344_G_A" 51 27 27 13 12
"chr5_39963312_T_G" 53 27 23 16 14
"chr5_42001428_C_T" 37 29 15 14 15
"chr5_4324506_C_T" 54 25 15 14 13
"chr5_43362039_A_C" 37 33 18 13 11
"chr5_4336696_C_T" 47 28 13 15 20
"chr5_4342447_C_T" 53 28 15 14 17
"chr5_4487203_T_C" 46 22 18 16 13
"chr5_45202547_A_G" 40 23 18 14 19
"chr5_45260343_G_A" 46 34 14 16 11
"chr5_4687247_C_T" 32 21 13 20 13
"chr5_4773939_T_A" 51 31 13 16 11
"chr5_4996753_G_A" 35 20 14 8 11
"chr5_50537110_G_A" 40 23 13 15 15
"chr5_51081019_C_T" 43 24 18 13 16
"chr5_57117561_C_T" 47 26 14 11 15
"chr5_57733201_C_T" 53 22 13 19 12
"chr5_58167728_A_T" 41 21 22 16 12
"chr5_5822941_G_T" 44 29 11 15 16
"chr5_60673490_G_A" 50 38 13 4 10
"chr5_61753676_G_A" 52 29 18 17 5
"chr5_62692780_G_A" 42 17 21 20 13
"chr5_63013361_C_T" 36 37 14 16 17
"chr5_63645734_T_C" 38 32 14 16 19
"chr5_63814896_G_A" 47 36 18 16 12
"chr5_6537314_C_T" 61 35 17 12 12
"chr5_65554445_C_T" 45 19 15 13 13
"chr5_68129040_G_A" 43 22 24 25 20
"chr5_68818260_G_T" 65 31 17 7 8
"chr5_7100783_T_C" 35 29 16 18 12
"chr5_74352899_G_T" 40 40 16 17 19
"chr5_75114578_C_T" 61 33 27 25 19
"chr5_85383038_G_A" 45 29 17 20 19
"chr5_85988419_G_A" 43 33 12 13 14
"chr5_87090505_A_G" 33 26 14 13 18
"chr5_87334987_G_T" 71 29 10 17 20
"chr5_88622775_G_A" 63 32 20 14 19
"chr5_88670645_C_T" 58 27 17 17 11
"chr5_89722139_T_C" 58 29 10 16 10
"chr5_89842057_T_A" 33 16 20 16 14
"chr5_89988300_C_T" 43 17 12 20 17
"chr5_93513031_G_T" 56 26 19 15 18
"chr5_94535690_A_T" 58 31 16 15 9
"chr5_95833952_T_A" 42 25 18 10 17
"chr5_9593499_G_A" 47 34 11 8 17
"chr6_101519244_G_T" 44 30 13 19 11
"chr6_101749962_G_A" 56 24 13 13 8
"chr6_102116104_C_A" 44 21 13 11 9
"chr6_103391741_T_C" 59 27 26 21 16
"chr6_103611023_T_C" 39 28 15 13 13
"chr6_103784241_A_T" 56 30 20 10 19
"chr6_104872852_C_G" 48 23 20 15 13
"chr6_10654765_G_A" 43 27 24 15 18
"chr6_111504842_G_T" 38 17 12 16 9
"chr6_112485140_C_A" 49 25 18 7 9
"chr6_115245068_G_A" 39 36 14 23 14
"chr6_115847110_C_T" 41 26 27 18 19
"chr6_120548495_T_C" 38 26 11 16 13
"chr6_120719430_G_T" 46 27 15 13 16
"chr6_122165794_C_T" 52 25 18 12 14
"chr6_122561759_G_T" 45 25 16 8 18
"chr6_122779904_G_A" 61 22 14 23 12
"chr6_124850094_G_T" 54 21 16 10 16
"chr6_125587250_A_T" 59 32 17 25 10
"chr6_127536393_G_A" 63 26 21 12 13
"chr6_129328172_G_A" 47 20 19 12 10
"chr6_130349327_G_A" 43 31 18 16 12
"chr6_132944580_G_A" 51 23 15 14 8
"chr6_133104557_G_A" 35 38 13 14 16
"chr6_133893451_C_T" 41 17 12 21 20
"chr6_135972650_C_A" 55 35 13 19 13
"chr6_141403004_C_A" 77 26 23 10 21
"chr6_141837007_G_C" 34 21 16 11 8
"chr6_141966956_C_A" 47 24 11 10 16
"chr6_141966987_T_C" 44 19 8 13 9
"chr6_142165932_C_A" 43 12 18 15 9
"chr6_142834624_G_A" 42 24 16 20 15
"chr6_143686335_G_T" 43 27 20 18 7
"chr6_146234306_C_T" 35 42 15 12 12
"chr6_146770759_G_A" 46 20 16 16 10
"chr6_147402475_G_C" 54 26 21 10 23
"chr6_148741418_T_A" 56 31 17 15 6
"chr6_152786801_C_A" 35 18 10 14 11
"chr6_15350660_T_G" 21 11 6 6 7
"chr6_156209681_T_A" 63 23 18 11 17
"chr6_157548485_T_C" 40 17 15 8 10
"chr6_158179900_A_G" 38 20 16 16 14
"chr6_15898767_G_C" 63 32 18 13 22
"chr6_160335647_C_T" 48 29 20 12 7
"chr6_161729539_T_G" 48 19 19 13 9
"chr6_162464239_A_G" 42 22 23 13 12
"chr6_162747069_C_A" 47 26 10 13 9
"chr6_163985495_C_T" 37 21 21 19 12
"chr6_164013911_G_A" 37 29 19 14 14
"chr6_164082179_C_T" 44 23 19 9 8
"chr6_164228202_G_A" 60 22 16 10 12
"chr6_167200079_C_T" 61 23 17 8 9
"chr6_167996391_G_A" 49 30 13 9 13
"chr6_168843785_A_G" 49 27 18 20 22
"chr6_170064191_G_A" 54 31 24 17 24
"chr6_170140316_G_A" 56 23 17 12 8
"chr6_18308013_G_A" 40 27 9 13 12
"chr6_18549139_G_T" 45 28 14 16 13
"chr6_18856802_G_T" 50 25 20 22 18
"chr6_205831_C_T" 48 23 22 14 15
"chr6_21678254_G_A" 48 25 10 20 13
"chr6_23042893_C_T" 53 17 12 13 11
"chr6_24002119_G_A" 55 29 16 16 19
"chr6_25337354_T_C" 53 29 14 12 20
"chr6_25938682_G_A" 54 28 21 14 10
"chr6_28053803_G_A" 46 20 20 15 17
"chr6_28525137_T_C" 45 28 15 18 16
"chr6_30365052_C_A" 65 35 12 18 9
"chr6_31263984_G_A" 46 32 24 10 22
"chr6_31715621_A_G" 35 34 14 7 15
"chr6_32143426_A_T" 30 27 13 14 11
"chr6_3765112_G_A" 49 23 16 9 14
"chr6_37974734_A_G" 42 33 13 23 14
"chr6_38363127_T_A" 48 21 12 11 10
"chr6_38511825_G_A" 38 22 15 15 10
"chr6_39490257_C_T" 67 31 19 18 20
"chr6_41096382_G_A" 65 29 12 16 18
"chr6_4493116_G_A" 41 31 10 13 17
"chr6_46500818_G_T" 57 30 18 14 11
"chr6_47612354_A_G" 32 26 11 20 9
"chr6_48743602_G_A" 43 24 18 13 25
"chr6_49078798_G_A" 50 40 16 13 10
"chr6_50512359_C_A" 47 36 13 18 11
"chr6_52289323_G_T" 36 29 11 16 15
"chr6_54408609_A_G" 43 22 15 8 13
"chr6_54408615_G_A" 48 24 15 8 14
"chr6_56573836_T_C" 46 20 20 11 27
"chr6_57409654_T_G" 59 27 5 13 12
"chr6_60516495_C_T" 47 27 10 13 18
"chr6_60601838_A_C" 35 25 11 15 14
"chr6_6062414_G_A" 40 23 10 11 16
"chr6_62142755_C_T" 23 18 8 13 19
"chr6_6225042_C_T" 42 25 23 12 10
"chr6_62832542_G_T" 50 25 11 10 13
"chr6_62868595_G_A" 58 28 15 12 12
"chr6_64457787_T_C" 26 12 12 6 3
"chr6_65622523_A_G" 37 25 18 21 14
"chr6_66139239_C_T" 58 28 17 12 12
"chr6_66181627_G_T" 60 19 6 18 13
"chr6_66198923_A_G" 36 23 18 14 16
"chr6_68561335_C_T" 49 31 18 15 6
"chr6_69056616_C_T" 43 29 20 13 17
"chr6_69126380_G_A" 53 24 17 9 18
"chr6_69436827_G_A" 26 28 13 9 15
"chr6_74386876_C_T" 30 24 8 15 11
"chr6_74534748_A_T" 49 21 17 9 12
"chr6_7634483_A_G" 32 36 17 15 19
"chr6_7753886_G_A" 53 36 13 20 12
"chr6_79577981_A_T" 56 28 16 18 10
"chr6_79943017_T_C" 40 33 17 10 16
"chr6_81158989_C_T" 56 25 18 21 7
"chr6_83720010_G_A" 50 27 18 13 15
"chr6_85126382_A_T" 28 9 9 5 5
"chr6_88211059_G_A" 46 28 12 27 14
"chr6_88968050_G_T" 43 31 9 17 7
"chr6_89340649_T_C" 43 27 18 7 12
"chr6_90076115_C_A" 55 22 14 13 12
"chr6_9036822_A_G" 33 37 11 15 13
"chr6_91779952_C_G" 44 21 15 15 14
"chr6_9240185_G_A" 49 29 11 14 13
"chr6_93457993_C_T" 41 20 18 11 15
"chr6_94132620_C_T" 42 33 14 9 13
"chr6_96007995_C_A" 51 24 20 13 15
"chr6_96376467_G_A" 39 33 19 12 13
"chr6_96497461_C_G" 53 19 11 16 16
"chr6_97738206_C_A" 50 28 25 17 15
"chr6_97917759_C_T" 53 18 17 13 11
"chr6_9953213_C_T" 38 22 14 8 11
"chr6_99929937_C_T" 32 16 3 7 7
"chr7_10032988_G_T" 50 27 10 16 11
"chr7_100525365_C_G" 42 18 13 15 17
"chr7_10480372_G_A" 58 29 21 7 25
"chr7_105094084_A_G" 56 12 16 19 7
"chr7_10586371_C_T" 46 30 18 22 22
"chr7_10592369_C_T" 29 28 14 24 13
"chr7_107069190_C_T" 55 26 17 12 6
"chr7_10793509_T_A" 37 22 17 16 6
"chr7_108896583_G_A" 46 21 13 19 16
"chr7_111017123_A_G" 20 9 6 9 7
"chr7_111275856_T_C" 54 22 14 14 16
"chr7_11446654_G_A" 44 27 14 22 12
"chr7_116000309_C_T" 45 30 14 14 13
"chr7_118461049_C_T" 44 20 16 15 17
"chr7_119864023_G_A" 45 24 21 11 20
"chr7_120503812_G_A" 51 28 24 10 13
"chr7_120776974_A_G" 36 22 18 7 8
"chr7_12172985_C_T" 43 21 11 17 11
"chr7_121775777_A_C" 51 26 17 16 13
"chr7_12242568_G_A" 48 27 14 11 17
"chr7_123180478_A_G" 50 14 10 19 10
"chr7_124523786_G_A" 46 22 14 16 16
"chr7_124677999_A_T" 44 24 17 14 10
"chr7_125848917_T_C" 52 18 22 14 12
"chr7_126854574_C_T" 59 23 17 18 12
"chr7_126932993_C_A" 39 20 16 15 15
"chr7_130221418_G_C" 44 32 19 12 15
"chr7_130618518_C_A" 31 30 24 15 15
"chr7_131503008_G_A" 55 20 13 14 12
"chr7_136500221_C_T" 60 14 21 19 16
"chr7_137127197_A_T" 47 31 13 16 18
"chr7_1377695_C_T" 64 31 18 14 15
"chr7_137771288_G_A" 48 22 12 17 18
"chr7_141101008_A_G" 47 34 13 22 14
"chr7_143398368_G_A" 61 22 13 14 6
"chr7_14381130_C_T" 51 20 13 13 4
"chr7_144105152_T_C" 56 20 15 9 15
"chr7_144938464_G_T" 56 23 24 9 18
"chr7_145140809_G_T" 61 21 19 16 14
"chr7_145313679_A_T" 54 28 8 10 7
"chr7_145503142_G_A" 59 20 16 17 14
"chr7_146210564_G_A" 42 22 10 10 11
"chr7_148342334_A_C" 63 23 21 18 18
"chr7_148684694_G_A" 52 25 10 14 15
"chr7_149489860_G_A" 45 27 14 15 17
"chr7_150736846_A_G" 55 21 15 10 13
"chr7_150855267_G_A" 50 15 8 16 10
"chr7_150951623_G_A" 59 28 18 19 13
"chr7_153834160_G_A" 50 32 15 14 12
"chr7_154454473_G_A" 52 23 12 14 21
"chr7_154472096_G_A" 44 19 13 8 21
"chr7_154758524_G_A" 59 33 9 18 18
"chr7_15560992_C_T" 39 29 21 11 15
"chr7_156548858_C_T" 48 28 6 16 15
"chr7_158093503_G_A" 55 27 16 21 16
"chr7_159243140_A_T" 51 24 6 20 16
"chr7_18104744_G_A" 46 22 19 18 8
"chr7_18260035_C_A" 47 21 15 15 19
"chr7_19358653_C_T" 43 29 11 11 18
"chr7_20379668_A_G" 40 16 16 11 12
"chr7_20846583_C_A" 47 25 19 12 12
"chr7_21063560_G_A" 55 22 20 15 11
"chr7_21535288_C_T" 53 26 17 15 15
"chr7_22847894_T_A" 56 24 15 11 9
"chr7_24188501_A_G" 34 22 20 17 16
"chr7_24432713_T_C" 38 26 13 13 11
"chr7_24646704_G_T" 60 26 16 17 17
"chr7_25451141_C_T" 54 14 11 13 12
"chr7_26628675_G_T" 69 29 14 18 17
"chr7_27871764_T_C" 46 32 12 16 12
"chr7_30805762_G_A" 41 29 16 15 8
"chr7_3339467_G_A" 43 30 14 18 20
"chr7_34326954_G_A" 47 37 13 17 6
"chr7_35675768_T_A" 59 25 11 17 14
"chr7_3674727_A_G" 47 27 12 19 13
"chr7_42343402_T_A" 63 26 11 19 11
"chr7_43323626_C_T" 55 21 17 11 15
"chr7_43384714_C_T" 43 26 12 16 11
"chr7_43390325_G_A" 65 17 15 10 25
"chr7_43896082_A_T" 36 25 23 12 11
"chr7_45161903_G_A" 67 23 11 17 16
"chr7_46475425_G_C" 61 23 15 23 13
"chr7_49924164_G_A" 19 19 11 9 10
"chr7_50293668_G_T" 50 23 17 10 10
"chr7_53171606_C_G" 40 21 14 9 18
"chr7_53304652_G_A" 42 24 17 10 15
"chr7_53790582_C_T" 44 20 12 18 10
"chr7_54038314_C_T" 75 45 10 16 13
"chr7_56161175_C_T" 39 16 9 19 13
"chr7_56440244_C_T" 41 25 14 12 11
"chr7_57678701_G_T" 49 33 19 14 17
"chr7_58106902_A_T" 50 26 21 16 19
"chr7_62736381_C_T" 56 24 13 12 15
"chr7_66196835_C_G" 39 20 11 10 15
"chr7_66435623_G_A" 39 27 16 21 19
"chr7_67476481_C_T" 34 24 11 9 10
"chr7_68188660_G_T" 53 23 12 8 22
"chr7_68863700_C_T" 41 22 16 15 19
"chr7_69116248_C_A" 50 28 13 11 4
"chr7_70255230_C_T" 57 25 19 14 14
"chr7_71019029_C_T" 50 20 8 21 14
"chr7_71139853_C_T" 64 21 18 14 14
"chr7_71401527_C_T" 46 23 17 17 19
"chr7_71807857_C_T" 37 27 19 7 15
"chr7_71833792_C_G" 46 28 13 20 14
"chr7_74332606_G_T" 40 28 6 14 7
"chr7_75841889_C_T" 61 21 8 17 19
"chr7_77439237_A_G" 40 25 19 13 13
"chr7_79218627_T_C" 62 24 10 16 19
"chr7_80983554_G_T" 47 17 18 8 13
"chr7_82703736_T_G" 46 18 25 20 9
"chr7_83363988_G_A" 39 19 12 13 8
"chr7_83764197_G_A" 47 22 15 15 8
"chr7_8571915_G_A" 37 23 12 18 12
"chr7_86007399_C_A" 39 35 13 15 18
"chr7_86630179_C_A" 61 21 15 13 11
"chr7_87768325_G_A" 42 28 19 16 16
"chr7_8829078_G_A" 51 22 11 12 16
"chr7_92058514_G_A" 52 23 10 17 8
"chr7_9353769_G_T" 48 20 16 13 16
"chr7_9633765_G_A" 48 31 12 11 13
"chr7_96482666_A_G" 52 29 18 14 10
"chr7_96711325_A_T" 43 24 14 17 12
"chr7_97300010_G_T" 60 27 14 17 11
"chr8_100704464_C_A" 41 23 13 15 15
"chr8_101823826_T_C" 46 32 13 9 9
"chr8_102184959_C_A" 55 28 17 20 16
"chr8_103137860_C_T" 66 30 18 20 16
"chr8_103731129_C_A" 18 15 2 11 7
"chr8_104029733_T_A" 45 27 12 18 15
"chr8_104248304_A_G" 57 36 18 25 22
"chr8_104555112_T_C" 46 20 13 26 9
"chr8_105208543_C_T" 54 23 10 15 10
"chr8_105383233_G_A" 45 29 16 12 9
"chr8_107678442_C_T" 39 29 10 21 18
"chr8_108907312_G_A" 41 17 22 16 14
"chr8_110024124_G_A" 55 20 16 15 16
"chr8_110380804_T_C" 47 25 12 11 8
"chr8_11067906_C_T" 46 19 13 17 13
"chr8_111317569_G_A" 45 19 11 9 9
"chr8_111752052_T_A" 54 23 12 16 14
"chr8_111871838_G_A" 41 22 11 12 8
"chr8_111971445_T_A" 30 32 17 14 14
"chr8_113411159_C_T" 42 26 12 14 13
"chr8_114162897_C_T" 60 23 13 15 10
"chr8_114536645_C_T" 64 23 22 15 14
"chr8_114985773_G_A" 49 17 17 11 9
"chr8_116969548_A_C" 69 24 17 15 8
"chr8_118163094_T_A" 54 29 24 13 13
"chr8_119149324_C_T" 55 16 11 7 12
"chr8_123052415_A_C" 55 21 11 10 10
"chr8_123255934_G_A" 68 26 13 22 17
"chr8_124401622_C_T" 45 23 16 9 13
"chr8_127477353_C_A" 40 25 15 16 14
"chr8_128018178_A_T" 43 25 15 16 13
"chr8_136597315_T_C" 37 23 9 9 7
"chr8_136991016_C_A" 31 29 14 13 17
"chr8_137424100_C_T" 45 20 23 21 13
"chr8_137428507_A_T" 36 32 16 20 9
"chr8_137604815_C_T" 71 25 12 12 12
"chr8_137986498_G_C" 32 20 8 6 8
"chr8_139972391_T_G" 39 29 6 18 14
"chr8_141654215_C_A" 51 29 18 12 10
"chr8_14177294_G_T" 41 21 13 19 11
"chr8_14278887_A_G" 60 29 9 17 14
"chr8_14350570_C_T" 49 28 22 13 16
"chr8_144221542_G_A" 62 24 9 10 12
"chr8_144269928_G_A" 60 18 16 17 18
"chr8_14591478_A_T" 46 30 19 22 11
"chr8_15172958_C_T" 53 28 16 11 17
"chr8_15244133_G_A" 41 27 13 13 14
"chr8_15480377_A_G" 46 34 20 17 11
"chr8_16123091_C_T" 51 17 13 17 11
"chr8_18310516_G_A" 39 20 14 17 13
"chr8_18387325_C_T" 44 19 18 16 13
"chr8_19039216_T_C" 39 26 22 13 12
"chr8_19090368_G_T" 45 22 22 10 12
"chr8_2237165_T_C" 72 27 7 18 9
"chr8_22828921_C_T" 57 23 10 8 7
"chr8_24639899_C_T" 57 30 17 14 8
"chr8_25296845_G_A" 23 31 12 15 15
"chr8_25829950_C_T" 70 24 11 23 13
"chr8_264217_C_A" 53 25 9 26 17
"chr8_26816346_A_G" 64 14 8 13 11
"chr8_26921232_G_A" 50 22 22 20 18
"chr8_27035214_A_T" 56 35 18 16 7
"chr8_27923706_G_C" 59 32 17 20 11
"chr8_30103932_G_T" 43 22 20 16 17
"chr8_30151212_G_A" 49 20 14 14 14
"chr8_30211638_G_C" 44 21 17 14 14
"chr8_30910722_T_G" 30 16 15 7 13
"chr8_31267725_T_A" 55 29 13 28 16
"chr8_32537249_C_A" 24 18 12 11 3
"chr8_32879361_C_T" 56 27 7 14 13
"chr8_33150271_C_T" 60 25 14 29 16
"chr8_34701117_C_T" 56 32 17 11 7
"chr8_3544271_G_A" 37 21 15 12 9
"chr8_36041776_C_T" 57 23 9 10 19
"chr8_3715919_G_A" 54 26 8 6 14
"chr8_3863447_G_A" 38 21 14 17 9
"chr8_38669844_G_A" 56 28 23 26 11
"chr8_40910996_C_T" 36 21 13 11 14
"chr8_41776621_C_A" 47 30 19 11 7
"chr8_43867513_A_C" 47 32 22 10 14
"chr8_46622190_G_T" 49 21 16 12 12
"chr8_48899929_C_A" 54 20 17 9 11
"chr8_50560636_C_T" 55 34 17 17 17
"chr8_5080354_A_T" 51 26 13 9 18
"chr8_5301343_A_T" 55 26 12 16 16
"chr8_53107200_T_G" 52 24 20 15 12
"chr8_54965643_G_A" 63 40 15 8 7
"chr8_55371294_G_A" 63 23 15 8 7
"chr8_55451932_C_T" 60 20 9 19 14
"chr8_57643616_G_T" 45 29 11 15 20
"chr8_57843213_G_A" 43 31 15 12 16
"chr8_59409029_T_G" 44 23 9 7 12
"chr8_60032268_C_T" 38 22 7 19 18
"chr8_6109018_A_T" 50 30 19 6 8
"chr8_61372497_G_A" 39 29 9 16 18
"chr8_62676795_C_T" 45 26 12 12 8
"chr8_63676746_G_A" 41 29 10 14 15
"chr8_6440707_G_T" 56 25 13 20 15
"chr8_70009778_G_A" 44 16 25 16 14
"chr8_70503879_G_A" 54 32 18 15 24
"chr8_71757771_C_T" 52 26 9 19 16
"chr8_72253581_C_T" 43 29 17 20 14
"chr8_72931927_C_T" 57 22 16 14 15
"chr8_73681462_A_G" 45 28 16 21 9
"chr8_74489706_C_T" 59 21 15 9 20
"chr8_75159013_T_C" 33 25 12 20 16
"chr8_75844209_A_C" 36 37 7 11 13
"chr8_75887939_A_G" 54 27 19 14 14
"chr8_76092825_C_T" 45 31 12 25 16
"chr8_77521362_G_T" 52 27 22 17 19
"chr8_77937951_C_T" 67 36 12 15 8
"chr8_78341885_C_T" 45 37 16 14 14
"chr8_80341968_A_G" 53 24 9 20 11
"chr8_81721567_G_T" 43 17 16 7 4
"chr8_84704780_T_G" 39 24 21 17 14
"chr8_86650054_G_A" 28 21 9 21 17
"chr8_87376714_T_C" 40 21 15 22 11
"chr8_87541315_G_C" 37 25 15 21 12
"chr8_88221236_A_T" 54 19 17 10 14
"chr8_88587166_G_A" 47 35 16 16 17
"chr8_89175721_A_T" 50 29 24 17 20
"chr8_89971590_G_T" 37 24 16 11 15
"chr8_90006189_A_T" 44 18 11 16 9
"chr8_92269017_G_T" 45 27 16 17 12
"chr8_94645302_C_G" 49 28 6 20 13
"chr8_95407741_C_T" 67 28 12 22 13
"chr8_97954339_G_A" 57 24 13 19 20
"chr9_100134042_C_T" 55 21 12 19 9
"chr9_100137502_C_T" 43 35 17 15 14
"chr9_101777969_G_T" 56 24 14 14 10
"chr9_102040501_C_T" 33 28 14 12 9
"chr9_102086994_C_T" 58 30 13 12 11
"chr9_103630933_G_A" 46 30 10 14 14
"chr9_104038269_C_T" 44 22 17 19 14
"chr9_104383941_C_A" 49 31 13 17 12
"chr9_107645662_C_T" 45 17 24 11 13
"chr9_110432810_C_T" 57 28 18 14 8
"chr9_113569043_C_G" 57 19 12 12 11
"chr9_115305772_C_T" 46 37 10 18 12
"chr9_115477791_C_T" 46 25 13 20 17
"chr9_115708002_A_G" 40 24 19 11 12
"chr9_116250350_C_T" 57 19 17 8 14
"chr9_117107905_G_A" 54 19 25 13 15
"chr9_118952746_C_T" 40 24 15 20 17
"chr9_11947406_G_A" 58 24 12 12 21
"chr9_122868603_G_T" 32 28 14 12 19
"chr9_123436016_C_G" 47 24 19 19 10
"chr9_123466972_G_T" 41 28 12 21 11
"chr9_124172602_C_T" 39 21 12 15 13
"chr9_126060561_C_T" 49 27 15 18 12
"chr9_126097636_G_A" 41 28 21 21 12
"chr9_12734636_C_T" 68 21 17 9 8
"chr9_13072673_C_A" 43 34 13 17 10
"chr9_131375818_G_C" 41 24 9 17 11
"chr9_131765177_C_T" 60 31 21 16 11
"chr9_131977205_C_T" 59 24 14 20 11
"chr9_132809597_T_C" 31 30 14 16 7
"chr9_133036954_C_T" 43 22 22 13 16
"chr9_13335341_T_C" 35 22 13 17 15
"chr9_133662125_C_T" 40 31 15 7 9
"chr9_134466933_G_A" 30 16 18 17 14
"chr9_134716983_G_A" 48 21 18 21 12
"chr9_134992911_C_T" 47 31 15 18 11
"chr9_135754588_G_A" 43 37 10 16 8
"chr9_135910114_C_A" 37 31 17 21 16
"chr9_1365715_T_A" 52 33 14 12 15
"chr9_136600152_C_A" 56 26 17 10 13
"chr9_13891417_T_A" 52 25 19 11 14
"chr9_16184223_T_C" 50 19 12 15 11
"chr9_17122182_G_T" 54 26 21 15 16
"chr9_17149652_G_A" 44 27 15 13 13
"chr9_18646181_C_A" 47 15 13 7 7
"chr9_19573695_G_A" 57 29 20 16 13
"chr9_19575881_C_A" 57 33 15 13 18
"chr9_20499483_T_C" 46 26 10 22 4
"chr9_20885724_A_T" 40 34 11 14 7
"chr9_21468690_T_G" 31 23 17 13 15
"chr9_21981331_G_A" 42 24 15 9 10
"chr9_22213385_A_T" 56 21 14 15 22
"chr9_23180000_C_T" 43 28 6 18 30
"chr9_23270804_C_T" 53 28 19 16 9
"chr9_23998859_G_T" 50 39 20 8 16
"chr9_24117971_A_G" 51 23 15 14 17
"chr9_25489747_A_C" 30 34 15 13 12
"chr9_25921610_A_T" 29 26 15 18 13
"chr9_26130158_A_T" 65 36 25 18 18
"chr9_27871307_T_A" 44 17 16 12 10
"chr9_29388840_G_A" 52 36 11 13 12
"chr9_2954979_C_T" 39 25 20 15 17
"chr9_29690134_A_T" 47 29 21 13 16
"chr9_29939370_G_A" 37 26 16 20 18
"chr9_30165823_T_A" 44 22 23 19 8
"chr9_31626236_A_G" 52 28 17 9 12
"chr9_32157798_T_A" 39 16 15 19 12
"chr9_34480022_G_T" 52 39 16 21 13
"chr9_34710946_C_G" 45 24 13 25 15
"chr9_35382452_C_A" 63 23 14 15 11
"chr9_3595465_G_A" 60 16 16 14 21
"chr9_36032252_G_A" 51 18 11 9 18
"chr9_37234535_A_T" 46 31 15 15 17
"chr9_37310153_C_T" 48 35 13 15 12
"chr9_38046411_T_C" 45 11 12 8 10
"chr9_38689394_C_T" 41 27 13 17 12
"chr9_42230588_T_G" 28 26 8 18 16
"chr9_42242405_G_A" 106 59 31 33 23
"chr9_42967137_G_A" 19 14 3 3 16
"chr9_60768372_C_A" 20 17 6 9 2
"chr9_6268916_C_G" 49 34 17 11 9
"chr9_69553071_T_A" 53 26 15 16 11
"chr9_7027463_T_C" 48 23 15 13 16
"chr9_73209026_C_T" 46 24 23 15 18
"chr9_75985078_G_T" 59 32 16 16 11
"chr9_78280944_A_T" 43 27 12 14 8
"chr9_79197695_C_T" 44 31 17 15 21
"chr9_79428162_T_A" 38 33 18 15 13
"chr9_80054866_G_T" 41 26 16 15 12
"chr9_80561546_G_A" 49 29 16 19 13
"chr9_80591123_G_A" 45 23 20 10 15
"chr9_80807745_G_C" 48 37 18 13 13
"chr9_81786144_C_T" 46 25 12 20 5
"chr9_84476331_C_A" 49 31 10 18 13
"chr9_85012091_C_T" 29 22 13 20 12
"chr9_85300557_G_A" 53 31 8 13 10
"chr9_88408793_C_A" 43 20 24 11 12
"chr9_89741785_C_G" 44 27 14 10 11
"chr9_9118426_A_G" 44 14 8 18 9
"chr9_9202436_A_G" 56 25 21 16 8
"chr9_94151753_G_A" 54 21 10 20 11
"chr9_9423536_T_C" 51 28 21 15 12
"chr9_94320292_C_T" 35 22 14 9 7
"chr9_95409085_C_T" 44 26 18 15 20
"chr9_98325112_G_T" 49 28 12 16 6
"chr9_99845687_T_C" 43 23 20 18 22
"chrX_101643969_C_A" 49 28 14 15 11
"chrX_102763079_A_T" 64 22 20 15 15
"chrX_103245874_G_A" 55 27 19 11 15
"chrX_105810282_G_A" 52 23 11 15 12
"chrX_106694501_T_C" 35 21 18 13 18
"chrX_10700102_G_A" 62 22 18 8 22
"chrX_107033791_G_A" 46 33 20 20 12
"chrX_108979431_T_C" 58 24 15 16 9
"chrX_110678077_C_T" 54 17 14 16 12
"chrX_110792138_G_A" 44 31 20 15 21
"chrX_111246526_C_T" 61 22 11 14 16
"chrX_111477128_G_T" 62 32 13 12 16
"chrX_111642516_C_T" 54 31 13 14 15
"chrX_111667913_C_T" 22 17 17 12 6
"chrX_112515629_C_A" 59 37 17 21 14
"chrX_115185061_T_C" 51 23 10 18 16
"chrX_116161898_G_A" 57 32 13 17 17
"chrX_116686814_T_C" 50 22 15 21 12
"chrX_118045768_C_A" 54 17 9 17 19
"chrX_118117072_C_T" 50 34 15 13 13
"chrX_118219731_G_A" 33 19 13 19 12
"chrX_118433742_T_C" 59 28 21 21 16
"chrX_119242049_A_G" 46 25 8 8 7
"chrX_119324139_A_T" 48 31 18 18 12
"chrX_120575799_G_A" 37 24 10 14 15
"chrX_120662093_G_A" 22 25 15 7 7
"chrX_121202675_T_C" 35 23 10 15 16
"chrX_12138233_C_T" 56 24 8 13 13
"chrX_121694678_G_A" 44 24 21 8 10
"chrX_122794469_G_T" 50 22 12 19 10
"chrX_123389303_C_T" 49 37 12 18 21
"chrX_123968351_G_T" 45 28 14 17 7
"chrX_124467286_T_G" 50 25 13 14 11
"chrX_124671490_G_A" 59 27 10 15 18
"chrX_125125692_T_A" 57 35 18 17 10
"chrX_125171155_A_G" 55 29 13 13 6
"chrX_125428804_T_C" 57 14 12 14 18
"chrX_125449411_G_T" 46 30 16 13 14
"chrX_125840867_A_G" 49 24 16 13 14
"chrX_127487632_T_G" 45 21 12 19 9
"chrX_128116321_A_G" 48 31 10 17 15
"chrX_129277473_T_C" 57 29 14 13 14
"chrX_129654221_G_T" 54 27 16 16 15
"chrX_131384170_C_T" 52 21 7 10 17
"chrX_131590623_G_A" 42 27 7 11 15
"chrX_133340297_C_A" 64 28 23 17 11
"chrX_133765333_A_G" 58 32 15 16 12
"chrX_134483594_C_G" 66 33 11 14 13
"chrX_134508681_G_A" 55 26 11 11 22
"chrX_134782185_A_G" 46 26 15 11 15
"chrX_135308065_C_T" 60 20 24 25 11
"chrX_135696549_T_A" 53 23 12 16 10
"chrX_136363151_A_T" 57 26 11 12 11
"chrX_137284908_A_G" 46 29 14 16 10
"chrX_137888182_G_A" 62 30 15 13 13
"chrX_138070323_G_A" 51 49 13 14 11
"chrX_138344826_A_T" 37 22 12 14 12
"chrX_138384126_A_G" 55 32 15 11 17
"chrX_140550861_T_C" 36 28 21 14 15
"chrX_141980007_G_T" 43 31 23 14 16
"chrX_142147952_G_A" 49 38 19 21 13
"chrX_142605373_A_T" 49 25 18 13 17
"chrX_143600883_G_T" 38 32 14 20 11
"chrX_143641237_T_C" 44 29 12 15 11
"chrX_144312692_C_T" 56 27 14 27 14
"chrX_14445828_A_T" 48 19 8 15 21
"chrX_144581942_G_A" 39 27 22 17 15
"chrX_145499627_C_T" 61 33 16 22 20
"chrX_146108263_G_A" 41 23 23 14 13
"chrX_146150192_C_G" 51 29 20 8 14
"chrX_146668532_G_A" 55 21 10 18 14
"chrX_146965366_G_A" 55 31 14 10 10
"chrX_147177713_G_A" 52 32 14 19 14
"chrX_147215235_C_T" 52 26 10 23 11
"chrX_147339086_C_T" 42 27 17 14 12
"chrX_148298009_C_A" 46 32 16 14 10
"chrX_149335960_A_C" 47 20 17 11 5
"chrX_150054965_G_T" 51 29 18 17 19
"chrX_150529138_C_G" 56 25 16 14 15
"chrX_151925525_C_T" 41 23 17 18 11
"chrX_152345625_C_T" 46 33 13 13 14
"chrX_1529035_T_C" 58 33 17 21 9
"chrX_153551741_T_G" 41 23 10 26 12
"chrX_1551534_C_A" 43 27 16 14 13
"chrX_155632998_A_T" 49 18 12 14 26
"chrX_17785358_T_C" 49 27 11 5 13
"chrX_17927035_C_A" 53 26 11 22 11
"chrX_19160510_G_A" 63 23 20 18 18
"chrX_19160511_C_T" 60 28 19 19 16
"chrX_20535493_G_A" 47 32 17 15 10
"chrX_21011151_C_T" 54 29 10 17 13
"chrX_21368571_G_T" 56 31 26 17 8
"chrX_21372053_T_A" 52 32 15 15 19
"chrX_22288975_C_A" 66 27 15 18 10
"chrX_23421926_G_T" 42 34 21 16 11
"chrX_25090864_T_C" 57 28 10 18 11
"chrX_26222243_G_A" 67 29 13 18 11
"chrX_27281747_C_T" 54 16 12 22 9
"chrX_28588610_G_A" 61 22 16 24 17
"chrX_28676981_T_C" 34 26 14 23 10
"chrX_29150936_A_G" 32 22 3 9 8
"chrX_29765688_C_A" 47 22 16 16 14
"chrX_29791176_G_A" 47 27 11 19 9
"chrX_30386787_G_A" 49 28 19 14 10
"chrX_32358087_A_G" 52 37 20 13 7
"chrX_32686290_G_T" 47 27 15 17 20
"chrX_32696589_C_T" 51 31 11 22 21
"chrX_33345358_T_C" 41 33 8 16 17
"chrX_33406568_G_A" 27 22 12 10 7
"chrX_33874189_C_G" 45 39 11 11 15
"chrX_33877060_C_A" 43 29 21 15 9
"chrX_34183307_G_A" 57 37 20 10 17
"chrX_34439187_G_A" 47 30 14 16 18
"chrX_37656764_A_T" 67 24 16 16 13
"chrX_38490553_G_C" 49 29 9 21 14
"chrX_385111_C_A" 41 24 18 15 16
"chrX_40078677_G_T" 47 20 15 12 13
"chrX_40394465_G_A" 53 29 18 11 14
"chrX_42001818_G_A" 44 35 18 21 16
"chrX_47508321_C_T" 70 34 19 20 8
"chrX_48233909_T_G" 45 22 20 15 9
"chrX_48610877_G_A" 49 30 7 13 12
"chrX_48979672_C_G" 17 28 13 21 10
"chrX_51323289_A_G" 42 27 20 16 5
"chrX_51915335_A_G" 45 35 11 16 12
"chrX_56872231_T_G" 43 29 13 18 22
"chrX_57324524_G_T" 55 22 18 20 11
"chrX_63528209_A_G" 55 26 17 23 17
"chrX_64309224_C_A" 43 26 17 13 8
"chrX_64468650_A_T" 36 26 24 8 14
"chrX_6455599_T_A" 55 23 10 13 8
"chrX_65563139_G_A" 50 26 17 14 14
"chrX_65669529_A_G" 45 28 18 17 5
"chrX_68949414_C_G" 62 31 18 13 9
"chrX_70083081_A_G" 49 22 14 13 12
"chrX_70155271_C_T" 34 22 10 17 8
"chrX_73032253_C_T" 45 32 15 11 17
"chrX_7506321_G_A" 38 29 20 15 18
"chrX_76756135_C_A" 57 22 16 13 23
"chrX_78542667_C_T" 47 18 14 10 12
"chrX_78826190_G_C" 44 34 14 16 7
"chrX_78877467_C_T" 49 38 16 23 17
"chrX_79103713_T_G" 25 30 7 12 11
"chrX_79234162_T_C" 36 22 16 7 15
"chrX_81263756_A_T" 55 25 13 13 8
"chrX_8156617_C_T" 53 34 13 22 10
"chrX_81854466_A_G" 43 25 23 11 13
"chrX_82125541_A_G" 37 24 18 21 13
"chrX_82727865_T_C" 55 18 12 11 16
"chrX_82781791_C_G" 48 29 18 22 10
"chrX_82901557_C_A" 43 31 16 21 12
"chrX_83162367_C_A" 49 32 11 22 12
"chrX_84001566_T_C" 43 16 16 11 14
"chrX_84038494_T_C" 46 21 13 13 12
"chrX_84706889_G_T" 67 24 15 13 18
"chrX_85582508_T_C" 57 35 20 10 10
"chrX_86591447_A_T" 46 27 14 11 14
"chrX_86875258_T_A" 32 29 21 19 18
"chrX_86875277_A_T" 37 27 21 21 17
"chrX_87276496_A_G" 47 27 18 18 18
"chrX_8845387_G_A" 49 25 11 7 8
"chrX_88856181_G_A" 53 27 17 15 10
"chrX_89009694_T_A" 39 26 14 22 9
"chrX_89016966_G_A" 26 13 13 22 15
"chrX_89366072_G_T" 38 27 15 17 7
"chrX_89499014_G_A" 57 31 11 15 12
"chrX_90450803_C_A" 36 26 11 9 15
"chrX_90773755_G_T" 29 16 4 10 8
"chrX_91722816_A_G" 45 38 23 14 16
"chrX_92432009_C_T" 42 27 10 16 12
"chrX_93235599_C_T" 57 22 14 16 17
"chrX_94100567_G_T" 58 23 16 13 11
"chrX_94342642_G_A" 56 20 17 21 18
"chrX_94397124_G_A" 30 26 9 9 6
"chrX_95628679_C_T" 74 35 8 20 15
"chrX_95684947_C_A" 37 22 8 18 12
"chrX_96915098_T_G" 40 29 21 17 12
"chrX_99065759_G_T" 31 23 7 17 11
"chrX_99430509_C_T" 54 17 17 11 12
"chrX_99526578_G_A" 43 34 13 22 16
